Date,Open,High,Low,Close,Volume,Dividends,Stock Splits,volume,averageDailyVolume10Day,fiftyTwoWeekHigh,fiftyTwoWeekLow,fiftyDayAverage,twoHundredDayAverage,marketCap,industry,sector,exchange,Symbol
2024-01-02 00:00:00-05:00,73.5,76.5999984741211,73.31999969482422,73.7699966430664,1272900,0.0,0.0,4185226.0,2989440.0,72.83,38.81,48.8446,51.413,10187255808.0,Diagnostics & Research,Healthcare,NCM,EXAS
2024-01-03 00:00:00-05:00,72.16999816894531,72.36000061035156,69.33000183105469,69.94000244140625,1729300,0.0,0.0,4185226.0,2989440.0,72.83,38.81,48.8446,51.413,10187255808.0,Diagnostics & Research,Healthcare,NCM,EXAS
2024-01-04 00:00:00-05:00,69.29000091552734,71.8499984741211,69.01000213623047,71.2300033569336,1827000,0.0,0.0,4185226.0,2989440.0,72.83,38.81,48.8446,51.413,10187255808.0,Diagnostics & Research,Healthcare,NCM,EXAS
2024-01-05 00:00:00-05:00,70.23999786376953,73.66999816894531,70.12999725341797,73.19999694824219,2145400,0.0,0.0,4185226.0,2989440.0,72.83,38.81,48.8446,51.413,10187255808.0,Diagnostics & Research,Healthcare,NCM,EXAS
2024-01-08 00:00:00-05:00,70.5,70.73999786376953,67.08000183105469,70.56999969482422,3371400,0.0,0.0,4185226.0,2989440.0,72.83,38.81,48.8446,51.413,10187255808.0,Diagnostics & Research,Healthcare,NCM,EXAS
2024-01-09 00:00:00-05:00,69.13999938964844,70.23999786376953,68.01000213623047,69.58000183105469,1920300,0.0,0.0,4185226.0,2989440.0,72.83,38.81,48.8446,51.413,10187255808.0,Diagnostics & Research,Healthcare,NCM,EXAS
2024-01-10 00:00:00-05:00,70.37000274658203,70.4800033569336,69.12000274658203,70.11000061035156,1705600,0.0,0.0,4185226.0,2989440.0,72.83,38.81,48.8446,51.413,10187255808.0,Diagnostics & Research,Healthcare,NCM,EXAS
2024-01-11 00:00:00-05:00,69.58999633789062,70.55000305175781,68.33999633789062,68.63999938964844,2198100,0.0,0.0,4185226.0,2989440.0,72.83,38.81,48.8446,51.413,10187255808.0,Diagnostics & Research,Healthcare,NCM,EXAS
2024-01-12 00:00:00-05:00,68.33999633789062,70.25,67.06999969482422,67.12000274658203,1256200,0.0,0.0,4185226.0,2989440.0,72.83,38.81,48.8446,51.413,10187255808.0,Diagnostics & Research,Healthcare,NCM,EXAS
2024-01-16 00:00:00-05:00,66.12999725341797,66.41999816894531,65.22000122070312,66.01000213623047,1803100,0.0,0.0,4185226.0,2989440.0,72.83,38.81,48.8446,51.413,10187255808.0,Diagnostics & Research,Healthcare,NCM,EXAS
2024-01-17 00:00:00-05:00,64.66999816894531,65.3499984741211,63.04999923706055,64.06999969482422,1571400,0.0,0.0,4185226.0,2989440.0,72.83,38.81,48.8446,51.413,10187255808.0,Diagnostics & Research,Healthcare,NCM,EXAS
2024-01-18 00:00:00-05:00,64.54000091552734,65.51000213623047,63.09000015258789,65.19999694824219,1637200,0.0,0.0,4185226.0,2989440.0,72.83,38.81,48.8446,51.413,10187255808.0,Diagnostics & Research,Healthcare,NCM,EXAS
2024-01-19 00:00:00-05:00,65.0199966430664,66.33000183105469,64.4000015258789,65.8499984741211,1234600,0.0,0.0,4185226.0,2989440.0,72.83,38.81,48.8446,51.413,10187255808.0,Diagnostics & Research,Healthcare,NCM,EXAS
2024-01-22 00:00:00-05:00,66.5,68.22000122070312,65.41999816894531,66.01000213623047,1374700,0.0,0.0,4185226.0,2989440.0,72.83,38.81,48.8446,51.413,10187255808.0,Diagnostics & Research,Healthcare,NCM,EXAS
2024-01-23 00:00:00-05:00,66.8499984741211,67.1500015258789,64.69000244140625,65.66000366210938,797000,0.0,0.0,4185226.0,2989440.0,72.83,38.81,48.8446,51.413,10187255808.0,Diagnostics & Research,Healthcare,NCM,EXAS
2024-01-24 00:00:00-05:00,66.33999633789062,66.5199966430664,64.18000030517578,64.22000122070312,754400,0.0,0.0,4185226.0,2989440.0,72.83,38.81,48.8446,51.413,10187255808.0,Diagnostics & Research,Healthcare,NCM,EXAS
2024-01-25 00:00:00-05:00,64.5,64.97000122070312,63.45000076293945,64.26000213623047,1054500,0.0,0.0,4185226.0,2989440.0,72.83,38.81,48.8446,51.413,10187255808.0,Diagnostics & Research,Healthcare,NCM,EXAS
2024-01-26 00:00:00-05:00,64.79000091552734,65.69999694824219,64.1500015258789,64.27999877929688,732700,0.0,0.0,4185226.0,2989440.0,72.83,38.81,48.8446,51.413,10187255808.0,Diagnostics & Research,Healthcare,NCM,EXAS
2024-01-29 00:00:00-05:00,64.18000030517578,66.9000015258789,63.77999877929688,66.86000061035156,1463100,0.0,0.0,4185226.0,2989440.0,72.83,38.81,48.8446,51.413,10187255808.0,Diagnostics & Research,Healthcare,NCM,EXAS
2024-01-30 00:00:00-05:00,66.12999725341797,66.41999816894531,64.80000305175781,65.68000030517578,2168800,0.0,0.0,4185226.0,2989440.0,72.83,38.81,48.8446,51.413,10187255808.0,Diagnostics & Research,Healthcare,NCM,EXAS
2024-01-31 00:00:00-05:00,65.27999877929688,67.05999755859375,64.95999908447266,65.4000015258789,3243700,0.0,0.0,4185226.0,2989440.0,72.83,38.81,48.8446,51.413,10187255808.0,Diagnostics & Research,Healthcare,NCM,EXAS
2024-02-01 00:00:00-05:00,66.5,66.63999938964844,63.40999984741211,63.93000030517578,2873200,0.0,0.0,4185226.0,2989440.0,72.83,38.81,48.8446,51.413,10187255808.0,Diagnostics & Research,Healthcare,NCM,EXAS
2024-02-02 00:00:00-05:00,62.4900016784668,64.47000122070312,60.900001525878906,64.05000305175781,2015400,0.0,0.0,4185226.0,2989440.0,72.83,38.81,48.8446,51.413,10187255808.0,Diagnostics & Research,Healthcare,NCM,EXAS
2024-02-05 00:00:00-05:00,63.0099983215332,63.119998931884766,61.93000030517578,62.43999862670898,1634700,0.0,0.0,4185226.0,2989440.0,72.83,38.81,48.8446,51.413,10187255808.0,Diagnostics & Research,Healthcare,NCM,EXAS
2024-02-06 00:00:00-05:00,62.63999938964844,64.63999938964844,62.13999938964844,64.5999984741211,1477700,0.0,0.0,4185226.0,2989440.0,72.83,38.81,48.8446,51.413,10187255808.0,Diagnostics & Research,Healthcare,NCM,EXAS
2024-02-07 00:00:00-05:00,64.27999877929688,64.30000305175781,61.02000045776367,61.13999938964844,2620300,0.0,0.0,4185226.0,2989440.0,72.83,38.81,48.8446,51.413,10187255808.0,Diagnostics & Research,Healthcare,NCM,EXAS
2024-02-08 00:00:00-05:00,61.0,61.630001068115234,60.36000061035156,60.97999954223633,1612000,0.0,0.0,4185226.0,2989440.0,72.83,38.81,48.8446,51.413,10187255808.0,Diagnostics & Research,Healthcare,NCM,EXAS
2024-02-09 00:00:00-05:00,61.34000015258789,61.5,60.34000015258789,60.63999938964844,1772500,0.0,0.0,4185226.0,2989440.0,72.83,38.81,48.8446,51.413,10187255808.0,Diagnostics & Research,Healthcare,NCM,EXAS
2024-02-12 00:00:00-05:00,60.70000076293945,62.11000061035156,60.650001525878906,62.09000015258789,2153400,0.0,0.0,4185226.0,2989440.0,72.83,38.81,48.8446,51.413,10187255808.0,Diagnostics & Research,Healthcare,NCM,EXAS
2024-02-13 00:00:00-05:00,60.0,60.040000915527344,58.369998931884766,59.45000076293945,2234900,0.0,0.0,4185226.0,2989440.0,72.83,38.81,48.8446,51.413,10187255808.0,Diagnostics & Research,Healthcare,NCM,EXAS
2024-02-14 00:00:00-05:00,60.27999877929688,62.13999938964844,59.7599983215332,62.09000015258789,2134800,0.0,0.0,4185226.0,2989440.0,72.83,38.81,48.8446,51.413,10187255808.0,Diagnostics & Research,Healthcare,NCM,EXAS
2024-02-15 00:00:00-05:00,62.619998931884766,62.9900016784668,60.20000076293945,61.09000015258789,2297500,0.0,0.0,4185226.0,2989440.0,72.83,38.81,48.8446,51.413,10187255808.0,Diagnostics & Research,Healthcare,NCM,EXAS
2024-02-16 00:00:00-05:00,60.52999877929688,61.93000030517578,60.02999877929688,60.970001220703125,1404400,0.0,0.0,4185226.0,2989440.0,72.83,38.81,48.8446,51.413,10187255808.0,Diagnostics & Research,Healthcare,NCM,EXAS
2024-02-20 00:00:00-05:00,60.0099983215332,62.790000915527344,59.5099983215332,62.7400016784668,2168500,0.0,0.0,4185226.0,2989440.0,72.83,38.81,48.8446,51.413,10187255808.0,Diagnostics & Research,Healthcare,NCM,EXAS
2024-02-21 00:00:00-05:00,61.7400016784668,63.369998931884766,60.54999923706055,63.290000915527344,3153700,0.0,0.0,4185226.0,2989440.0,72.83,38.81,48.8446,51.413,10187255808.0,Diagnostics & Research,Healthcare,NCM,EXAS
2024-02-22 00:00:00-05:00,61.5,63.7400016784668,58.33000183105469,59.4900016784668,4643500,0.0,0.0,4185226.0,2989440.0,72.83,38.81,48.8446,51.413,10187255808.0,Diagnostics & Research,Healthcare,NCM,EXAS
2024-02-23 00:00:00-05:00,59.75,60.11000061035156,57.33000183105469,57.52999877929688,2932000,0.0,0.0,4185226.0,2989440.0,72.83,38.81,48.8446,51.413,10187255808.0,Diagnostics & Research,Healthcare,NCM,EXAS
2024-02-26 00:00:00-05:00,57.02999877929688,58.4900016784668,56.84999847412109,57.5099983215332,1928100,0.0,0.0,4185226.0,2989440.0,72.83,38.81,48.8446,51.413,10187255808.0,Diagnostics & Research,Healthcare,NCM,EXAS
2024-02-27 00:00:00-05:00,57.97999954223633,57.97999954223633,56.11000061035156,56.900001525878906,3123700,0.0,0.0,4185226.0,2989440.0,72.83,38.81,48.8446,51.413,10187255808.0,Diagnostics & Research,Healthcare,NCM,EXAS
2024-02-28 00:00:00-05:00,56.869998931884766,57.41999816894531,56.04999923706055,56.310001373291016,1628600,0.0,0.0,4185226.0,2989440.0,72.83,38.81,48.8446,51.413,10187255808.0,Diagnostics & Research,Healthcare,NCM,EXAS
2024-02-29 00:00:00-05:00,57.04999923706055,58.18000030517578,56.209999084472656,57.52999877929688,2614800,0.0,0.0,4185226.0,2989440.0,72.83,38.81,48.8446,51.413,10187255808.0,Diagnostics & Research,Healthcare,NCM,EXAS
2024-03-01 00:00:00-05:00,57.5,60.560001373291016,57.130001068115234,59.43999862670898,2007000,0.0,0.0,4185226.0,2989440.0,72.83,38.81,48.8446,51.413,10187255808.0,Diagnostics & Research,Healthcare,NCM,EXAS
2024-03-04 00:00:00-05:00,59.0099983215332,59.810001373291016,58.09999847412109,59.20000076293945,1278200,0.0,0.0,4185226.0,2989440.0,72.83,38.81,48.8446,51.413,10187255808.0,Diagnostics & Research,Healthcare,NCM,EXAS
2024-03-05 00:00:00-05:00,58.5,59.27999877929688,57.75,58.5,1694100,0.0,0.0,4185226.0,2989440.0,72.83,38.81,48.8446,51.413,10187255808.0,Diagnostics & Research,Healthcare,NCM,EXAS
2024-03-06 00:00:00-05:00,59.72999954223633,59.790000915527344,56.06999969482422,56.27000045776367,2111200,0.0,0.0,4185226.0,2989440.0,72.83,38.81,48.8446,51.413,10187255808.0,Diagnostics & Research,Healthcare,NCM,EXAS
2024-03-07 00:00:00-05:00,56.7400016784668,61.619998931884766,56.310001373291016,61.459999084472656,2422400,0.0,0.0,4185226.0,2989440.0,72.83,38.81,48.8446,51.413,10187255808.0,Diagnostics & Research,Healthcare,NCM,EXAS
2024-03-08 00:00:00-05:00,62.0099983215332,63.720001220703125,59.869998931884766,60.040000915527344,1694400,0.0,0.0,4185226.0,2989440.0,72.83,38.81,48.8446,51.413,10187255808.0,Diagnostics & Research,Healthcare,NCM,EXAS
2024-03-11 00:00:00-04:00,59.90999984741211,61.41999816894531,59.90999984741211,60.70000076293945,1599900,0.0,0.0,4185226.0,2989440.0,72.83,38.81,48.8446,51.413,10187255808.0,Diagnostics & Research,Healthcare,NCM,EXAS
2024-03-12 00:00:00-04:00,60.72999954223633,61.36000061035156,59.91999816894531,60.70000076293945,1818800,0.0,0.0,4185226.0,2989440.0,72.83,38.81,48.8446,51.413,10187255808.0,Diagnostics & Research,Healthcare,NCM,EXAS
2024-03-13 00:00:00-04:00,60.43999862670898,61.59000015258789,60.43999862670898,61.08000183105469,1381500,0.0,0.0,4185226.0,2989440.0,72.83,38.81,48.8446,51.413,10187255808.0,Diagnostics & Research,Healthcare,NCM,EXAS
2024-03-14 00:00:00-04:00,60.93999862670898,61.5,57.560001373291016,58.52999877929688,1893000,0.0,0.0,4185226.0,2989440.0,72.83,38.81,48.8446,51.413,10187255808.0,Diagnostics & Research,Healthcare,NCM,EXAS
2024-03-15 00:00:00-04:00,58.130001068115234,59.5,57.47999954223633,57.709999084472656,1854900,0.0,0.0,4185226.0,2989440.0,72.83,38.81,48.8446,51.413,10187255808.0,Diagnostics & Research,Healthcare,NCM,EXAS
2024-03-18 00:00:00-04:00,58.209999084472656,59.4900016784668,57.630001068115234,58.86000061035156,1747900,0.0,0.0,4185226.0,2989440.0,72.83,38.81,48.8446,51.413,10187255808.0,Diagnostics & Research,Healthcare,NCM,EXAS
2024-03-19 00:00:00-04:00,58.81999969482422,62.22999954223633,58.77000045776367,61.900001525878906,2114800,0.0,0.0,4185226.0,2989440.0,72.83,38.81,48.8446,51.413,10187255808.0,Diagnostics & Research,Healthcare,NCM,EXAS
2024-03-20 00:00:00-04:00,61.77000045776367,63.150001525878906,60.209999084472656,62.65999984741211,2469400,0.0,0.0,4185226.0,2989440.0,72.83,38.81,48.8446,51.413,10187255808.0,Diagnostics & Research,Healthcare,NCM,EXAS
2024-03-21 00:00:00-04:00,63.560001373291016,65.22000122070312,61.869998931884766,62.0,4256600,0.0,0.0,4185226.0,2989440.0,72.83,38.81,48.8446,51.413,10187255808.0,Diagnostics & Research,Healthcare,NCM,EXAS
2024-03-22 00:00:00-04:00,62.369998931884766,62.369998931884766,60.25,62.09999847412109,1011600,0.0,0.0,4185226.0,2989440.0,72.83,38.81,48.8446,51.413,10187255808.0,Diagnostics & Research,Healthcare,NCM,EXAS
2024-03-25 00:00:00-04:00,62.04999923706055,64.45999908447266,62.0,63.7599983215332,1803400,0.0,0.0,4185226.0,2989440.0,72.83,38.81,48.8446,51.413,10187255808.0,Diagnostics & Research,Healthcare,NCM,EXAS
2024-03-26 00:00:00-04:00,64.29000091552734,65.43000030517578,63.52000045776367,65.23999786376953,1920600,0.0,0.0,4185226.0,2989440.0,72.83,38.81,48.8446,51.413,10187255808.0,Diagnostics & Research,Healthcare,NCM,EXAS
2024-03-27 00:00:00-04:00,65.87000274658203,66.93000030517578,65.06999969482422,66.87999725341797,1710800,0.0,0.0,4185226.0,2989440.0,72.83,38.81,48.8446,51.413,10187255808.0,Diagnostics & Research,Healthcare,NCM,EXAS
2024-03-28 00:00:00-04:00,67.18000030517578,71.62000274658203,67.18000030517578,69.05999755859375,5469500,0.0,0.0,4185226.0,2989440.0,72.83,38.81,48.8446,51.413,10187255808.0,Diagnostics & Research,Healthcare,NCM,EXAS
2024-04-01 00:00:00-04:00,68.80999755859375,70.5,67.05000305175781,70.41000366210938,3173500,0.0,0.0,4185226.0,2989440.0,72.83,38.81,48.8446,51.413,10187255808.0,Diagnostics & Research,Healthcare,NCM,EXAS
2024-04-02 00:00:00-04:00,79.58999633789062,79.62000274658203,73.16000366210938,73.73999786376953,11351700,0.0,0.0,4185226.0,2989440.0,72.83,38.81,48.8446,51.413,10187255808.0,Diagnostics & Research,Healthcare,NCM,EXAS
2024-04-03 00:00:00-04:00,73.22000122070312,73.87000274658203,70.04000091552734,72.81999969482422,4852300,0.0,0.0,4185226.0,2989440.0,72.83,38.81,48.8446,51.413,10187255808.0,Diagnostics & Research,Healthcare,NCM,EXAS
2024-04-04 00:00:00-04:00,73.4000015258789,73.58000183105469,69.83999633789062,70.16000366210938,3441200,0.0,0.0,4185226.0,2989440.0,72.83,38.81,48.8446,51.413,10187255808.0,Diagnostics & Research,Healthcare,NCM,EXAS
2024-04-05 00:00:00-04:00,69.76000213623047,70.72000122070312,69.33000183105469,70.2300033569336,2108400,0.0,0.0,4185226.0,2989440.0,72.83,38.81,48.8446,51.413,10187255808.0,Diagnostics & Research,Healthcare,NCM,EXAS
2024-04-08 00:00:00-04:00,70.2300033569336,71.94000244140625,69.9800033569336,71.33000183105469,1659000,0.0,0.0,4185226.0,2989440.0,72.83,38.81,48.8446,51.413,10187255808.0,Diagnostics & Research,Healthcare,NCM,EXAS
2024-04-09 00:00:00-04:00,72.48999786376953,74.44000244140625,72.27999877929688,74.26000213623047,2568300,0.0,0.0,4185226.0,2989440.0,72.83,38.81,48.8446,51.413,10187255808.0,Diagnostics & Research,Healthcare,NCM,EXAS
2024-04-10 00:00:00-04:00,71.79000091552734,73.80999755859375,71.1500015258789,73.5999984741211,2296900,0.0,0.0,4185226.0,2989440.0,72.83,38.81,48.8446,51.413,10187255808.0,Diagnostics & Research,Healthcare,NCM,EXAS
2024-04-11 00:00:00-04:00,71.5199966430664,73.08999633789062,69.26000213623047,72.94999694824219,5334900,0.0,0.0,4185226.0,2989440.0,72.83,38.81,48.8446,51.413,10187255808.0,Diagnostics & Research,Healthcare,NCM,EXAS
2024-04-12 00:00:00-04:00,72.91999816894531,73.0999984741211,70.77999877929688,71.33999633789062,2428800,0.0,0.0,4185226.0,2989440.0,72.83,38.81,48.8446,51.413,10187255808.0,Diagnostics & Research,Healthcare,NCM,EXAS
2024-04-15 00:00:00-04:00,70.56999969482422,71.8499984741211,65.30000305175781,65.3499984741211,3060300,0.0,0.0,4185226.0,2989440.0,72.83,38.81,48.8446,51.413,10187255808.0,Diagnostics & Research,Healthcare,NCM,EXAS
2024-04-16 00:00:00-04:00,64.8499984741211,66.05000305175781,63.63999938964844,63.86000061035156,3472100,0.0,0.0,4185226.0,2989440.0,72.83,38.81,48.8446,51.413,10187255808.0,Diagnostics & Research,Healthcare,NCM,EXAS
2024-04-17 00:00:00-04:00,65.62000274658203,66.73999786376953,62.880001068115234,63.220001220703125,2516200,0.0,0.0,4185226.0,2989440.0,72.83,38.81,48.8446,51.413,10187255808.0,Diagnostics & Research,Healthcare,NCM,EXAS
2024-04-18 00:00:00-04:00,62.790000915527344,64.91999816894531,61.77999877929688,63.47999954223633,1597900,0.0,0.0,4185226.0,2989440.0,72.83,38.81,48.8446,51.413,10187255808.0,Diagnostics & Research,Healthcare,NCM,EXAS
2024-04-19 00:00:00-04:00,62.84000015258789,63.47999954223633,60.369998931884766,60.959999084472656,2168600,0.0,0.0,4185226.0,2989440.0,72.83,38.81,48.8446,51.413,10187255808.0,Diagnostics & Research,Healthcare,NCM,EXAS
2024-04-22 00:00:00-04:00,61.310001373291016,63.22999954223633,60.68000030517578,62.40999984741211,1594400,0.0,0.0,4185226.0,2989440.0,72.83,38.81,48.8446,51.413,10187255808.0,Diagnostics & Research,Healthcare,NCM,EXAS
2024-04-23 00:00:00-04:00,62.59999847412109,65.0,62.41999816894531,63.52999877929688,1777700,0.0,0.0,4185226.0,2989440.0,72.83,38.81,48.8446,51.413,10187255808.0,Diagnostics & Research,Healthcare,NCM,EXAS
2024-04-24 00:00:00-04:00,63.540000915527344,64.27999877929688,63.220001220703125,63.2400016784668,1213600,0.0,0.0,4185226.0,2989440.0,72.83,38.81,48.8446,51.413,10187255808.0,Diagnostics & Research,Healthcare,NCM,EXAS
2024-04-25 00:00:00-04:00,62.16999816894531,62.5,58.400001525878906,58.790000915527344,2648400,0.0,0.0,4185226.0,2989440.0,72.83,38.81,48.8446,51.413,10187255808.0,Diagnostics & Research,Healthcare,NCM,EXAS
2024-04-26 00:00:00-04:00,59.02000045776367,60.310001373291016,58.45000076293945,58.84999847412109,2018900,0.0,0.0,4185226.0,2989440.0,72.83,38.81,48.8446,51.413,10187255808.0,Diagnostics & Research,Healthcare,NCM,EXAS
2024-04-29 00:00:00-04:00,59.459999084472656,60.33000183105469,58.619998931884766,58.77999877929688,2216600,0.0,0.0,4185226.0,2989440.0,72.83,38.81,48.8446,51.413,10187255808.0,Diagnostics & Research,Healthcare,NCM,EXAS
2024-04-30 00:00:00-04:00,58.0,59.86000061035156,57.54999923706055,59.34999847412109,2698600,0.0,0.0,4185226.0,2989440.0,72.83,38.81,48.8446,51.413,10187255808.0,Diagnostics & Research,Healthcare,NCM,EXAS
2024-05-01 00:00:00-04:00,59.060001373291016,61.04999923706055,57.970001220703125,60.0099983215332,2172000,0.0,0.0,4185226.0,2989440.0,72.83,38.81,48.8446,51.413,10187255808.0,Diagnostics & Research,Healthcare,NCM,EXAS
2024-05-02 00:00:00-04:00,60.52999877929688,61.18000030517578,59.130001068115234,60.540000915527344,1587000,0.0,0.0,4185226.0,2989440.0,72.83,38.81,48.8446,51.413,10187255808.0,Diagnostics & Research,Healthcare,NCM,EXAS
2024-05-03 00:00:00-04:00,62.47999954223633,63.9900016784668,61.470001220703125,62.06999969482422,1612500,0.0,0.0,4185226.0,2989440.0,72.83,38.81,48.8446,51.413,10187255808.0,Diagnostics & Research,Healthcare,NCM,EXAS
2024-05-06 00:00:00-04:00,62.47999954223633,63.880001068115234,59.77000045776367,63.34999847412109,2657700,0.0,0.0,4185226.0,2989440.0,72.83,38.81,48.8446,51.413,10187255808.0,Diagnostics & Research,Healthcare,NCM,EXAS
2024-05-07 00:00:00-04:00,63.36000061035156,63.790000915527344,61.310001373291016,61.40999984741211,1934000,0.0,0.0,4185226.0,2989440.0,72.83,38.81,48.8446,51.413,10187255808.0,Diagnostics & Research,Healthcare,NCM,EXAS
2024-05-08 00:00:00-04:00,61.0,62.27000045776367,59.040000915527344,59.47999954223633,3677200,0.0,0.0,4185226.0,2989440.0,72.83,38.81,48.8446,51.413,10187255808.0,Diagnostics & Research,Healthcare,NCM,EXAS
2024-05-09 00:00:00-04:00,54.5,55.380001068115234,52.25,54.150001525878906,10687800,0.0,0.0,4185226.0,2989440.0,72.83,38.81,48.8446,51.413,10187255808.0,Diagnostics & Research,Healthcare,NCM,EXAS
2024-05-10 00:00:00-04:00,54.40999984741211,55.400001525878906,52.43000030517578,53.5099983215332,5928000,0.0,0.0,4185226.0,2989440.0,72.83,38.81,48.8446,51.413,10187255808.0,Diagnostics & Research,Healthcare,NCM,EXAS
2024-05-13 00:00:00-04:00,53.68000030517578,55.77000045776367,53.58000183105469,55.59000015258789,2703400,0.0,0.0,4185226.0,2989440.0,72.83,38.81,48.8446,51.413,10187255808.0,Diagnostics & Research,Healthcare,NCM,EXAS
2024-05-14 00:00:00-04:00,55.70000076293945,56.790000915527344,52.31999969482422,54.0,3726400,0.0,0.0,4185226.0,2989440.0,72.83,38.81,48.8446,51.413,10187255808.0,Diagnostics & Research,Healthcare,NCM,EXAS
2024-05-15 00:00:00-04:00,54.9900016784668,55.13999938964844,52.90999984741211,53.34000015258789,2740100,0.0,0.0,4185226.0,2989440.0,72.83,38.81,48.8446,51.413,10187255808.0,Diagnostics & Research,Healthcare,NCM,EXAS
2024-05-16 00:00:00-04:00,53.25,53.560001373291016,51.90999984741211,51.95000076293945,2566100,0.0,0.0,4185226.0,2989440.0,72.83,38.81,48.8446,51.413,10187255808.0,Diagnostics & Research,Healthcare,NCM,EXAS
2024-05-17 00:00:00-04:00,51.95000076293945,51.95000076293945,50.34999847412109,50.380001068115234,2453300,0.0,0.0,4185226.0,2989440.0,72.83,38.81,48.8446,51.413,10187255808.0,Diagnostics & Research,Healthcare,NCM,EXAS
2024-05-20 00:00:00-04:00,50.150001525878906,51.91999816894531,50.09000015258789,51.0,5629100,0.0,0.0,4185226.0,2989440.0,72.83,38.81,48.8446,51.413,10187255808.0,Diagnostics & Research,Healthcare,NCM,EXAS
2024-05-21 00:00:00-04:00,50.70000076293945,54.790000915527344,50.61000061035156,53.52000045776367,3641700,0.0,0.0,4185226.0,2989440.0,72.83,38.81,48.8446,51.413,10187255808.0,Diagnostics & Research,Healthcare,NCM,EXAS
2024-05-22 00:00:00-04:00,52.70000076293945,54.08000183105469,52.20000076293945,53.4900016784668,2612400,0.0,0.0,4185226.0,2989440.0,72.83,38.81,48.8446,51.413,10187255808.0,Diagnostics & Research,Healthcare,NCM,EXAS
2024-05-23 00:00:00-04:00,53.11000061035156,54.619998931884766,49.970001220703125,54.08000183105469,6007200,0.0,0.0,4185226.0,2989440.0,72.83,38.81,48.8446,51.413,10187255808.0,Diagnostics & Research,Healthcare,NCM,EXAS
2024-05-24 00:00:00-04:00,51.0,54.0,49.650001525878906,49.84000015258789,6015000,0.0,0.0,4185226.0,2989440.0,72.83,38.81,48.8446,51.413,10187255808.0,Diagnostics & Research,Healthcare,NCM,EXAS
2024-05-28 00:00:00-04:00,50.150001525878906,50.2400016784668,46.77000045776367,47.02000045776367,3979600,0.0,0.0,4185226.0,2989440.0,72.83,38.81,48.8446,51.413,10187255808.0,Diagnostics & Research,Healthcare,NCM,EXAS
2024-05-29 00:00:00-04:00,46.540000915527344,46.77000045776367,43.59000015258789,44.81999969482422,4726600,0.0,0.0,4185226.0,2989440.0,72.83,38.81,48.8446,51.413,10187255808.0,Diagnostics & Research,Healthcare,NCM,EXAS
2024-05-30 00:00:00-04:00,45.04999923706055,46.36000061035156,44.52000045776367,45.25,2571700,0.0,0.0,4185226.0,2989440.0,72.83,38.81,48.8446,51.413,10187255808.0,Diagnostics & Research,Healthcare,NCM,EXAS
2024-05-31 00:00:00-04:00,45.31999969482422,46.2400016784668,44.880001068115234,45.45000076293945,2144800,0.0,0.0,4185226.0,2989440.0,72.83,38.81,48.8446,51.413,10187255808.0,Diagnostics & Research,Healthcare,NCM,EXAS
2024-06-03 00:00:00-04:00,46.150001525878906,47.18999862670898,44.209999084472656,44.81999969482422,2104600,0.0,0.0,4185226.0,2989440.0,72.83,38.81,48.8446,51.413,10187255808.0,Diagnostics & Research,Healthcare,NCM,EXAS
2024-06-04 00:00:00-04:00,44.56999969482422,44.56999969482422,43.29999923706055,43.45000076293945,2368000,0.0,0.0,4185226.0,2989440.0,72.83,38.81,48.8446,51.413,10187255808.0,Diagnostics & Research,Healthcare,NCM,EXAS
2024-06-05 00:00:00-04:00,43.52000045776367,46.20000076293945,43.310001373291016,45.54999923706055,2341300,0.0,0.0,4185226.0,2989440.0,72.83,38.81,48.8446,51.413,10187255808.0,Diagnostics & Research,Healthcare,NCM,EXAS
2024-06-06 00:00:00-04:00,44.68999862670898,45.880001068115234,44.459999084472656,44.66999816894531,1421500,0.0,0.0,4185226.0,2989440.0,72.83,38.81,48.8446,51.413,10187255808.0,Diagnostics & Research,Healthcare,NCM,EXAS
2024-06-07 00:00:00-04:00,43.79999923706055,44.0099983215332,42.720001220703125,42.93000030517578,1632400,0.0,0.0,4185226.0,2989440.0,72.83,38.81,48.8446,51.413,10187255808.0,Diagnostics & Research,Healthcare,NCM,EXAS
2024-06-10 00:00:00-04:00,42.61000061035156,43.209999084472656,42.2599983215332,42.88999938964844,2042400,0.0,0.0,4185226.0,2989440.0,72.83,38.81,48.8446,51.413,10187255808.0,Diagnostics & Research,Healthcare,NCM,EXAS
2024-06-11 00:00:00-04:00,42.11000061035156,43.18999862670898,41.86000061035156,42.13999938964844,1688300,0.0,0.0,4185226.0,2989440.0,72.83,38.81,48.8446,51.413,10187255808.0,Diagnostics & Research,Healthcare,NCM,EXAS
2024-06-12 00:00:00-04:00,43.18999862670898,44.27000045776367,41.959999084472656,42.13999938964844,2935900,0.0,0.0,4185226.0,2989440.0,72.83,38.81,48.8446,51.413,10187255808.0,Diagnostics & Research,Healthcare,NCM,EXAS
2024-06-13 00:00:00-04:00,42.060001373291016,42.95000076293945,41.59999847412109,42.75,2561000,0.0,0.0,4185226.0,2989440.0,72.83,38.81,48.8446,51.413,10187255808.0,Diagnostics & Research,Healthcare,NCM,EXAS
2024-06-14 00:00:00-04:00,42.43999862670898,42.970001220703125,41.20000076293945,41.880001068115234,1950500,0.0,0.0,4185226.0,2989440.0,72.83,38.81,48.8446,51.413,10187255808.0,Diagnostics & Research,Healthcare,NCM,EXAS
2024-06-17 00:00:00-04:00,41.310001373291016,42.70000076293945,41.08000183105469,41.33000183105469,2352900,0.0,0.0,4185226.0,2989440.0,72.83,38.81,48.8446,51.413,10187255808.0,Diagnostics & Research,Healthcare,NCM,EXAS
2024-06-18 00:00:00-04:00,41.33000183105469,42.540000915527344,41.33000183105469,41.91999816894531,2812500,0.0,0.0,4185226.0,2989440.0,72.83,38.81,48.8446,51.413,10187255808.0,Diagnostics & Research,Healthcare,NCM,EXAS
2024-06-20 00:00:00-04:00,41.810001373291016,44.04999923706055,41.15999984741211,44.0,3493400,0.0,0.0,4185226.0,2989440.0,72.83,38.81,48.8446,51.413,10187255808.0,Diagnostics & Research,Healthcare,NCM,EXAS
2024-06-21 00:00:00-04:00,44.52999877929688,45.91999816894531,44.060001373291016,44.84999847412109,10110000,0.0,0.0,4185226.0,2989440.0,72.83,38.81,48.8446,51.413,10187255808.0,Diagnostics & Research,Healthcare,NCM,EXAS
2024-06-24 00:00:00-04:00,44.4900016784668,44.709999084472656,41.83000183105469,41.95000076293945,3753000,0.0,0.0,4185226.0,2989440.0,72.83,38.81,48.8446,51.413,10187255808.0,Diagnostics & Research,Healthcare,NCM,EXAS
2024-06-25 00:00:00-04:00,41.720001220703125,41.91999816894531,40.619998931884766,41.369998931884766,3700100,0.0,0.0,4185226.0,2989440.0,72.83,38.81,48.8446,51.413,10187255808.0,Diagnostics & Research,Healthcare,NCM,EXAS
2024-06-26 00:00:00-04:00,43.40999984741211,45.09000015258789,42.9900016784668,44.15999984741211,5287300,0.0,0.0,4185226.0,2989440.0,72.83,38.81,48.8446,51.413,10187255808.0,Diagnostics & Research,Healthcare,NCM,EXAS
2024-06-27 00:00:00-04:00,44.09999847412109,45.77999877929688,43.650001525878906,44.4900016784668,3342600,0.0,0.0,4185226.0,2989440.0,72.83,38.81,48.8446,51.413,10187255808.0,Diagnostics & Research,Healthcare,NCM,EXAS
2024-06-28 00:00:00-04:00,44.2599983215332,44.40999984741211,42.130001068115234,42.25,4130500,0.0,0.0,4185226.0,2989440.0,72.83,38.81,48.8446,51.413,10187255808.0,Diagnostics & Research,Healthcare,NCM,EXAS
2024-07-01 00:00:00-04:00,42.209999084472656,43.880001068115234,42.08000183105469,42.43000030517578,1622300,0.0,0.0,4185226.0,2989440.0,72.83,38.81,48.8446,51.413,10187255808.0,Diagnostics & Research,Healthcare,NCM,EXAS
2024-07-02 00:00:00-04:00,42.369998931884766,43.25,41.88999938964844,43.16999816894531,1872700,0.0,0.0,4185226.0,2989440.0,72.83,38.81,48.8446,51.413,10187255808.0,Diagnostics & Research,Healthcare,NCM,EXAS
2024-07-03 00:00:00-04:00,43.61000061035156,43.83000183105469,42.81999969482422,43.18999862670898,883700,0.0,0.0,4185226.0,2989440.0,72.83,38.81,48.8446,51.413,10187255808.0,Diagnostics & Research,Healthcare,NCM,EXAS
2024-07-05 00:00:00-04:00,43.18000030517578,44.709999084472656,42.7400016784668,44.56999969482422,1618900,0.0,0.0,4185226.0,2989440.0,72.83,38.81,48.8446,51.413,10187255808.0,Diagnostics & Research,Healthcare,NCM,EXAS
2024-07-08 00:00:00-04:00,44.540000915527344,45.869998931884766,44.38999938964844,45.18999862670898,2985500,0.0,0.0,4185226.0,2989440.0,72.83,38.81,48.8446,51.413,10187255808.0,Diagnostics & Research,Healthcare,NCM,EXAS
2024-07-09 00:00:00-04:00,44.560001373291016,45.52999877929688,43.68000030517578,44.09000015258789,1913800,0.0,0.0,4185226.0,2989440.0,72.83,38.81,48.8446,51.413,10187255808.0,Diagnostics & Research,Healthcare,NCM,EXAS
2024-07-10 00:00:00-04:00,44.09999847412109,45.720001220703125,43.88999938964844,45.33000183105469,1721100,0.0,0.0,4185226.0,2989440.0,72.83,38.81,48.8446,51.413,10187255808.0,Diagnostics & Research,Healthcare,NCM,EXAS
2024-07-11 00:00:00-04:00,46.310001373291016,46.900001525878906,43.47999954223633,44.84000015258789,4833200,0.0,0.0,4185226.0,2989440.0,72.83,38.81,48.8446,51.413,10187255808.0,Diagnostics & Research,Healthcare,NCM,EXAS
2024-07-12 00:00:00-04:00,45.52000045776367,46.95000076293945,45.060001373291016,46.36000061035156,2378200,0.0,0.0,4185226.0,2989440.0,72.83,38.81,48.8446,51.413,10187255808.0,Diagnostics & Research,Healthcare,NCM,EXAS
2024-07-15 00:00:00-04:00,46.52000045776367,47.84999847412109,46.29999923706055,47.04999923706055,1847800,0.0,0.0,4185226.0,2989440.0,72.83,38.81,48.8446,51.413,10187255808.0,Diagnostics & Research,Healthcare,NCM,EXAS
2024-07-16 00:00:00-04:00,47.43000030517578,49.880001068115234,46.84000015258789,49.66999816894531,2770300,0.0,0.0,4185226.0,2989440.0,72.83,38.81,48.8446,51.413,10187255808.0,Diagnostics & Research,Healthcare,NCM,EXAS
2024-07-17 00:00:00-04:00,48.79999923706055,50.2599983215332,48.5,49.369998931884766,2010400,0.0,0.0,4185226.0,2989440.0,72.83,38.81,48.8446,51.413,10187255808.0,Diagnostics & Research,Healthcare,NCM,EXAS
2024-07-18 00:00:00-04:00,48.75,49.970001220703125,47.27000045776367,47.560001373291016,2330200,0.0,0.0,4185226.0,2989440.0,72.83,38.81,48.8446,51.413,10187255808.0,Diagnostics & Research,Healthcare,NCM,EXAS
2024-07-19 00:00:00-04:00,47.81999969482422,48.91999816894531,46.77999877929688,46.810001373291016,2398100,0.0,0.0,4185226.0,2989440.0,72.83,38.81,48.8446,51.413,10187255808.0,Diagnostics & Research,Healthcare,NCM,EXAS
2024-07-22 00:00:00-04:00,47.43999862670898,48.470001220703125,47.2400016784668,48.16999816894531,1959800,0.0,0.0,4185226.0,2989440.0,72.83,38.81,48.8446,51.413,10187255808.0,Diagnostics & Research,Healthcare,NCM,EXAS
2024-07-23 00:00:00-04:00,47.540000915527344,50.08000183105469,47.25,49.400001525878906,2430000,0.0,0.0,4185226.0,2989440.0,72.83,38.81,48.8446,51.413,10187255808.0,Diagnostics & Research,Healthcare,NCM,EXAS
2024-07-24 00:00:00-04:00,49.18000030517578,49.79999923706055,47.220001220703125,47.84999847412109,2119100,0.0,0.0,4185226.0,2989440.0,72.83,38.81,48.8446,51.413,10187255808.0,Diagnostics & Research,Healthcare,NCM,EXAS
2024-07-25 00:00:00-04:00,47.65999984741211,49.43999862670898,47.52999877929688,48.36000061035156,3467300,0.0,0.0,4185226.0,2989440.0,72.83,38.81,48.8446,51.413,10187255808.0,Diagnostics & Research,Healthcare,NCM,EXAS
2024-07-26 00:00:00-04:00,48.52999877929688,49.36000061035156,45.220001220703125,45.29999923706055,3751200,0.0,0.0,4185226.0,2989440.0,72.83,38.81,48.8446,51.413,10187255808.0,Diagnostics & Research,Healthcare,NCM,EXAS
2024-07-29 00:00:00-04:00,44.0,45.880001068115234,43.66999816894531,45.560001373291016,4087400,0.0,0.0,4185226.0,2989440.0,72.83,38.81,48.8446,51.413,10187255808.0,Diagnostics & Research,Healthcare,NCM,EXAS
2024-07-30 00:00:00-04:00,45.68000030517578,47.29999923706055,45.34999847412109,46.58000183105469,3059500,0.0,0.0,4185226.0,2989440.0,72.83,38.81,48.8446,51.413,10187255808.0,Diagnostics & Research,Healthcare,NCM,EXAS
2024-07-31 00:00:00-04:00,47.20000076293945,47.25,45.31999969482422,45.68000030517578,3455100,0.0,0.0,4185226.0,2989440.0,72.83,38.81,48.8446,51.413,10187255808.0,Diagnostics & Research,Healthcare,NCM,EXAS
2024-08-01 00:00:00-04:00,55.22999954223633,58.18000030517578,52.310001373291016,57.90999984741211,10955900,0.0,0.0,4185226.0,2989440.0,72.83,38.81,48.8446,51.413,10187255808.0,Diagnostics & Research,Healthcare,NCM,EXAS
2024-08-02 00:00:00-04:00,55.34999847412109,57.619998931884766,52.7599983215332,57.34999847412109,5207500,0.0,0.0,4185226.0,2989440.0,72.83,38.81,48.8446,51.413,10187255808.0,Diagnostics & Research,Healthcare,NCM,EXAS
2024-08-05 00:00:00-04:00,54.72999954223633,57.34000015258789,54.040000915527344,55.77000045776367,3296200,0.0,0.0,4185226.0,2989440.0,72.83,38.81,48.8446,51.413,10187255808.0,Diagnostics & Research,Healthcare,NCM,EXAS
2024-08-06 00:00:00-04:00,55.560001373291016,57.4900016784668,55.0,55.959999084472656,2550100,0.0,0.0,4185226.0,2989440.0,72.83,38.81,48.8446,51.413,10187255808.0,Diagnostics & Research,Healthcare,NCM,EXAS
2024-08-07 00:00:00-04:00,57.54999923706055,57.63999938964844,55.18999862670898,55.9900016784668,1647300,0.0,0.0,4185226.0,2989440.0,72.83,38.81,48.8446,51.413,10187255808.0,Diagnostics & Research,Healthcare,NCM,EXAS
2024-08-08 00:00:00-04:00,56.02999877929688,58.4900016784668,55.58000183105469,57.2599983215332,1823300,0.0,0.0,4185226.0,2989440.0,72.83,38.81,48.8446,51.413,10187255808.0,Diagnostics & Research,Healthcare,NCM,EXAS
2024-08-09 00:00:00-04:00,57.2599983215332,58.29999923706055,56.77999877929688,57.0099983215332,1718000,0.0,0.0,4185226.0,2989440.0,72.83,38.81,48.8446,51.413,10187255808.0,Diagnostics & Research,Healthcare,NCM,EXAS
2024-08-12 00:00:00-04:00,57.0099983215332,57.65999984741211,55.900001525878906,57.5099983215332,1390400,0.0,0.0,4185226.0,2989440.0,72.83,38.81,48.8446,51.413,10187255808.0,Diagnostics & Research,Healthcare,NCM,EXAS
2024-08-13 00:00:00-04:00,57.59000015258789,59.38999938964844,57.59000015258789,58.81999969482422,3008600,0.0,0.0,4185226.0,2989440.0,72.83,38.81,48.8446,51.413,10187255808.0,Diagnostics & Research,Healthcare,NCM,EXAS
2024-08-14 00:00:00-04:00,58.81999969482422,59.15999984741211,56.15999984741211,56.36000061035156,1946000,0.0,0.0,4185226.0,2989440.0,72.83,38.81,48.8446,51.413,10187255808.0,Diagnostics & Research,Healthcare,NCM,EXAS
2024-08-15 00:00:00-04:00,56.97999954223633,58.90999984741211,56.59000015258789,58.470001220703125,1994000,0.0,0.0,4185226.0,2989440.0,72.83,38.81,48.8446,51.413,10187255808.0,Diagnostics & Research,Healthcare,NCM,EXAS
2024-08-16 00:00:00-04:00,58.33000183105469,59.5099983215332,57.91999816894531,58.75,1373500,0.0,0.0,4185226.0,2989440.0,72.83,38.81,48.8446,51.413,10187255808.0,Diagnostics & Research,Healthcare,NCM,EXAS
2024-08-19 00:00:00-04:00,58.47999954223633,59.47999954223633,58.04999923706055,58.970001220703125,1146500,0.0,0.0,4185226.0,2989440.0,72.83,38.81,48.8446,51.413,10187255808.0,Diagnostics & Research,Healthcare,NCM,EXAS
2024-08-20 00:00:00-04:00,58.84000015258789,59.5,57.83000183105469,58.81999969482422,977600,0.0,0.0,4185226.0,2989440.0,72.83,38.81,48.8446,51.413,10187255808.0,Diagnostics & Research,Healthcare,NCM,EXAS
2024-08-21 00:00:00-04:00,58.90999984741211,60.59000015258789,58.720001220703125,59.68000030517578,1751200,0.0,0.0,4185226.0,2989440.0,72.83,38.81,48.8446,51.413,10187255808.0,Diagnostics & Research,Healthcare,NCM,EXAS
2024-08-22 00:00:00-04:00,59.7599983215332,60.38999938964844,58.650001525878906,59.060001373291016,1491400,0.0,0.0,4185226.0,2989440.0,72.83,38.81,48.8446,51.413,10187255808.0,Diagnostics & Research,Healthcare,NCM,EXAS
2024-08-23 00:00:00-04:00,59.15999984741211,60.66999816894531,58.27999877929688,59.70000076293945,1690400,0.0,0.0,4185226.0,2989440.0,72.83,38.81,48.8446,51.413,10187255808.0,Diagnostics & Research,Healthcare,NCM,EXAS
2024-08-26 00:00:00-04:00,59.959999084472656,60.060001373291016,58.650001525878906,59.84000015258789,2199200,0.0,0.0,4185226.0,2989440.0,72.83,38.81,48.8446,51.413,10187255808.0,Diagnostics & Research,Healthcare,NCM,EXAS
2024-08-27 00:00:00-04:00,59.75,60.40999984741211,57.84999847412109,59.88999938964844,1330800,0.0,0.0,4185226.0,2989440.0,72.83,38.81,48.8446,51.413,10187255808.0,Diagnostics & Research,Healthcare,NCM,EXAS
2024-08-28 00:00:00-04:00,60.470001220703125,62.93999862670898,59.59999847412109,61.150001525878906,2714700,0.0,0.0,4185226.0,2989440.0,72.83,38.81,48.8446,51.413,10187255808.0,Diagnostics & Research,Healthcare,NCM,EXAS
2024-08-29 00:00:00-04:00,61.08000183105469,62.84999847412109,60.70000076293945,62.2599983215332,1613400,0.0,0.0,4185226.0,2989440.0,72.83,38.81,48.8446,51.413,10187255808.0,Diagnostics & Research,Healthcare,NCM,EXAS
2024-08-30 00:00:00-04:00,62.43999862670898,63.91999816894531,60.810001373291016,61.68999862670898,2201100,0.0,0.0,4185226.0,2989440.0,72.83,38.81,48.8446,51.413,10187255808.0,Diagnostics & Research,Healthcare,NCM,EXAS
2024-09-03 00:00:00-04:00,61.810001373291016,62.45000076293945,59.709999084472656,60.0099983215332,1602300,0.0,0.0,4185226.0,2989440.0,72.83,38.81,48.8446,51.413,10187255808.0,Diagnostics & Research,Healthcare,NCM,EXAS
2024-09-04 00:00:00-04:00,59.56999969482422,59.619998931884766,56.65999984741211,57.130001068115234,1802500,0.0,0.0,4185226.0,2989440.0,72.83,38.81,48.8446,51.413,10187255808.0,Diagnostics & Research,Healthcare,NCM,EXAS
2024-09-05 00:00:00-04:00,57.369998931884766,62.2400016784668,57.150001525878906,60.90999984741211,2901800,0.0,0.0,4185226.0,2989440.0,72.83,38.81,48.8446,51.413,10187255808.0,Diagnostics & Research,Healthcare,NCM,EXAS
2024-09-06 00:00:00-04:00,60.93000030517578,61.0,58.290000915527344,59.11000061035156,1661800,0.0,0.0,4185226.0,2989440.0,72.83,38.81,48.8446,51.413,10187255808.0,Diagnostics & Research,Healthcare,NCM,EXAS
2024-09-09 00:00:00-04:00,58.59000015258789,59.9900016784668,58.27999877929688,58.790000915527344,1668500,0.0,0.0,4185226.0,2989440.0,72.83,38.81,48.8446,51.413,10187255808.0,Diagnostics & Research,Healthcare,NCM,EXAS
2024-09-10 00:00:00-04:00,59.02000045776367,59.15999984741211,57.68000030517578,58.380001068115234,1522100,0.0,0.0,4185226.0,2989440.0,72.83,38.81,48.8446,51.413,10187255808.0,Diagnostics & Research,Healthcare,NCM,EXAS
2024-09-11 00:00:00-04:00,58.459999084472656,65.51000213623047,57.5099983215332,64.12000274658203,6384400,0.0,0.0,4185226.0,2989440.0,72.83,38.81,48.8446,51.413,10187255808.0,Diagnostics & Research,Healthcare,NCM,EXAS
2024-09-12 00:00:00-04:00,65.19999694824219,67.9800033569336,64.04000091552734,67.38999938964844,6123100,0.0,0.0,4185226.0,2989440.0,72.83,38.81,48.8446,51.413,10187255808.0,Diagnostics & Research,Healthcare,NCM,EXAS
2024-09-13 00:00:00-04:00,66.43000030517578,68.12999725341797,64.61000061035156,65.54000091552734,4935600,0.0,0.0,4185226.0,2989440.0,72.83,38.81,48.8446,51.413,10187255808.0,Diagnostics & Research,Healthcare,NCM,EXAS
2024-09-16 00:00:00-04:00,66.69000244140625,69.75,66.6500015258789,69.4800033569336,5486900,0.0,0.0,4185226.0,2989440.0,72.83,38.81,48.8446,51.413,10187255808.0,Diagnostics & Research,Healthcare,NCM,EXAS
2024-09-17 00:00:00-04:00,68.73999786376953,69.48999786376953,67.43000030517578,67.98999786376953,2310900,0.0,0.0,4185226.0,2989440.0,72.83,38.81,48.8446,51.413,10187255808.0,Diagnostics & Research,Healthcare,NCM,EXAS
2024-09-18 00:00:00-04:00,68.13999938964844,70.81999969482422,67.01000213623047,69.20999908447266,1586300,0.0,0.0,4185226.0,2989440.0,72.83,38.81,48.8446,51.413,10187255808.0,Diagnostics & Research,Healthcare,NCM,EXAS
2024-09-19 00:00:00-04:00,70.9800033569336,71.94999694824219,70.3499984741211,70.83000183105469,2583400,0.0,0.0,4185226.0,2989440.0,72.83,38.81,48.8446,51.413,10187255808.0,Diagnostics & Research,Healthcare,NCM,EXAS
2024-09-20 00:00:00-04:00,70.38999938964844,70.80000305175781,68.48999786376953,70.08999633789062,6838400,0.0,0.0,4185226.0,2989440.0,72.83,38.81,48.8446,51.413,10187255808.0,Diagnostics & Research,Healthcare,NCM,EXAS
2024-09-23 00:00:00-04:00,70.5999984741211,71.13999938964844,69.30999755859375,69.63999938964844,1645600,0.0,0.0,4185226.0,2989440.0,72.83,38.81,48.8446,51.413,10187255808.0,Diagnostics & Research,Healthcare,NCM,EXAS
2024-09-24 00:00:00-04:00,69.8499984741211,70.38999938964844,68.26000213623047,68.7300033569336,1325000,0.0,0.0,4185226.0,2989440.0,72.83,38.81,48.8446,51.413,10187255808.0,Diagnostics & Research,Healthcare,NCM,EXAS
2024-09-25 00:00:00-04:00,68.68000030517578,68.68000030517578,66.79000091552734,67.7699966430664,1688100,0.0,0.0,4185226.0,2989440.0,72.83,38.81,48.8446,51.413,10187255808.0,Diagnostics & Research,Healthcare,NCM,EXAS
2024-09-26 00:00:00-04:00,67.79000091552734,68.5999984741211,64.8499984741211,67.94000244140625,2840400,0.0,0.0,4185226.0,2989440.0,72.83,38.81,48.8446,51.413,10187255808.0,Diagnostics & Research,Healthcare,NCM,EXAS
2024-09-27 00:00:00-04:00,68.0,68.0,65.80999755859375,65.95999908447266,1296500,0.0,0.0,4185226.0,2989440.0,72.83,38.81,48.8446,51.413,10187255808.0,Diagnostics & Research,Healthcare,NCM,EXAS
2024-09-30 00:00:00-04:00,65.81999969482422,68.16999816894531,65.0999984741211,68.12000274658203,1632900,0.0,0.0,4185226.0,2989440.0,72.83,38.81,48.8446,51.413,10187255808.0,Diagnostics & Research,Healthcare,NCM,EXAS
2024-10-01 00:00:00-04:00,67.75,68.47000122070312,66.38999938964844,68.04000091552734,1959500,0.0,0.0,4185226.0,2989440.0,72.83,38.81,48.8446,51.413,10187255808.0,Diagnostics & Research,Healthcare,NCM,EXAS
2024-10-02 00:00:00-04:00,67.63999938964844,67.73999786376953,66.38999938964844,66.9000015258789,2162800,0.0,0.0,4185226.0,2989440.0,72.83,38.81,48.8446,51.413,10187255808.0,Diagnostics & Research,Healthcare,NCM,EXAS
2024-10-03 00:00:00-04:00,66.62000274658203,67.79000091552734,66.33000183105469,66.41000366210938,1513400,0.0,0.0,4185226.0,2989440.0,72.83,38.81,48.8446,51.413,10187255808.0,Diagnostics & Research,Healthcare,NCM,EXAS
2024-10-04 00:00:00-04:00,67.69999694824219,68.41000366210938,66.38999938964844,68.36000061035156,2010900,0.0,0.0,4185226.0,2989440.0,72.83,38.81,48.8446,51.413,10187255808.0,Diagnostics & Research,Healthcare,NCM,EXAS
2024-10-07 00:00:00-04:00,68.30000305175781,69.41000366210938,67.41000366210938,69.25,1499800,0.0,0.0,4185226.0,2989440.0,72.83,38.81,48.8446,51.413,10187255808.0,Diagnostics & Research,Healthcare,NCM,EXAS
2024-10-08 00:00:00-04:00,69.36000061035156,70.12000274658203,67.73999786376953,68.56999969482422,1588000,0.0,0.0,4185226.0,2989440.0,72.83,38.81,48.8446,51.413,10187255808.0,Diagnostics & Research,Healthcare,NCM,EXAS
2024-10-09 00:00:00-04:00,68.54000091552734,70.38999938964844,68.01000213623047,68.5199966430664,1338900,0.0,0.0,4185226.0,2989440.0,72.83,38.81,48.8446,51.413,10187255808.0,Diagnostics & Research,Healthcare,NCM,EXAS
2024-10-10 00:00:00-04:00,67.93000030517578,69.52999877929688,67.04000091552734,69.33999633789062,1386700,0.0,0.0,4185226.0,2989440.0,72.83,38.81,48.8446,51.413,10187255808.0,Diagnostics & Research,Healthcare,NCM,EXAS
2024-10-11 00:00:00-04:00,69.44999694824219,70.98999786376953,69.16999816894531,70.95999908447266,1181400,0.0,0.0,4185226.0,2989440.0,72.83,38.81,48.8446,51.413,10187255808.0,Diagnostics & Research,Healthcare,NCM,EXAS
2024-10-14 00:00:00-04:00,70.66999816894531,71.45999908447266,70.11000061035156,70.88999938964844,1202100,0.0,0.0,4185226.0,2989440.0,72.83,38.81,48.8446,51.413,10187255808.0,Diagnostics & Research,Healthcare,NCM,EXAS
2024-10-15 00:00:00-04:00,70.88999938964844,71.19000244140625,69.30999755859375,69.94999694824219,1258200,0.0,0.0,4185226.0,2989440.0,72.83,38.81,48.8446,51.413,10187255808.0,Diagnostics & Research,Healthcare,NCM,EXAS
2024-10-16 00:00:00-04:00,69.91999816894531,71.5,69.62000274658203,70.62000274658203,1178900,0.0,0.0,4185226.0,2989440.0,72.83,38.81,48.8446,51.413,10187255808.0,Diagnostics & Research,Healthcare,NCM,EXAS
2024-10-17 00:00:00-04:00,70.56999969482422,70.6500015258789,68.55000305175781,69.2300033569336,1324400,0.0,0.0,4185226.0,2989440.0,72.83,38.81,48.8446,51.413,10187255808.0,Diagnostics & Research,Healthcare,NCM,EXAS
2024-10-18 00:00:00-04:00,69.63999938964844,71.98999786376953,69.30999755859375,71.93000030517578,2949400,0.0,0.0,4185226.0,2989440.0,72.83,38.81,48.8446,51.413,10187255808.0,Diagnostics & Research,Healthcare,NCM,EXAS
2024-10-21 00:00:00-04:00,71.05000305175781,71.61000061035156,69.01000213623047,69.4800033569336,1209200,0.0,0.0,4185226.0,2989440.0,72.83,38.81,48.8446,51.413,10187255808.0,Diagnostics & Research,Healthcare,NCM,EXAS
2024-10-22 00:00:00-04:00,68.69999694824219,71.36000061035156,68.30000305175781,70.58000183105469,1203400,0.0,0.0,4185226.0,2989440.0,72.83,38.81,48.8446,51.413,10187255808.0,Diagnostics & Research,Healthcare,NCM,EXAS
2024-10-23 00:00:00-04:00,70.55999755859375,71.43000030517578,69.18000030517578,70.2699966430664,1077600,0.0,0.0,4185226.0,2989440.0,72.83,38.81,48.8446,51.413,10187255808.0,Diagnostics & Research,Healthcare,NCM,EXAS
2024-10-24 00:00:00-04:00,70.51000213623047,71.48999786376953,69.98999786376953,70.26000213623047,850100,0.0,0.0,4185226.0,2989440.0,72.83,38.81,48.8446,51.413,10187255808.0,Diagnostics & Research,Healthcare,NCM,EXAS
2024-10-25 00:00:00-04:00,70.19999694824219,70.81999969482422,68.91000366210938,69.11000061035156,864900,0.0,0.0,4185226.0,2989440.0,72.83,38.81,48.8446,51.413,10187255808.0,Diagnostics & Research,Healthcare,NCM,EXAS
2024-10-28 00:00:00-04:00,69.66000366210938,70.44999694824219,69.05000305175781,69.3499984741211,1608800,0.0,0.0,4185226.0,2989440.0,72.83,38.81,48.8446,51.413,10187255808.0,Diagnostics & Research,Healthcare,NCM,EXAS
2024-10-29 00:00:00-04:00,69.69000244140625,70.05000305175781,68.61000061035156,69.63999938964844,1293800,0.0,0.0,4185226.0,2989440.0,72.83,38.81,48.8446,51.413,10187255808.0,Diagnostics & Research,Healthcare,NCM,EXAS
2024-10-30 00:00:00-04:00,69.86000061035156,71.75,69.37999725341797,70.45999908447266,1083500,0.0,0.0,4185226.0,2989440.0,72.83,38.81,48.8446,51.413,10187255808.0,Diagnostics & Research,Healthcare,NCM,EXAS
2024-10-31 00:00:00-04:00,70.27999877929688,70.63999938964844,68.37999725341797,68.93000030517578,1470000,0.0,0.0,4185226.0,2989440.0,72.83,38.81,48.8446,51.413,10187255808.0,Diagnostics & Research,Healthcare,NCM,EXAS
2024-11-01 00:00:00-04:00,68.7699966430664,70.16000366210938,67.56999969482422,69.80000305175781,2470000,0.0,0.0,4185226.0,2989440.0,72.83,38.81,48.8446,51.413,10187255808.0,Diagnostics & Research,Healthcare,NCM,EXAS
2024-11-04 00:00:00-05:00,69.52999877929688,72.62000274658203,69.52999877929688,71.12999725341797,1721000,0.0,0.0,4185226.0,2989440.0,72.83,38.81,48.8446,51.413,10187255808.0,Diagnostics & Research,Healthcare,NCM,EXAS
2024-11-05 00:00:00-05:00,70.55999755859375,72.83000183105469,70.23999786376953,71.51000213623047,4100500,0.0,0.0,4185226.0,2989440.0,72.83,38.81,48.8446,51.413,10187255808.0,Diagnostics & Research,Healthcare,NCM,EXAS
2024-11-06 00:00:00-05:00,55.70000076293945,56.36000061035156,50.209999084472656,54.720001220703125,16779000,0.0,0.0,4185226.0,2989440.0,72.83,38.81,48.8446,51.413,10187255808.0,Diagnostics & Research,Healthcare,NCM,EXAS
2024-11-07 00:00:00-05:00,54.84999847412109,56.0099983215332,51.93000030517578,53.22999954223633,4749000,0.0,0.0,4185226.0,2989440.0,72.83,38.81,48.8446,51.413,10187255808.0,Diagnostics & Research,Healthcare,NCM,EXAS
2024-11-08 00:00:00-05:00,53.13999938964844,53.93999862670898,50.900001525878906,51.47999954223633,4689200,0.0,0.0,4185226.0,2989440.0,72.83,38.81,48.8446,51.413,10187255808.0,Diagnostics & Research,Healthcare,NCM,EXAS
2024-11-11 00:00:00-05:00,51.08000183105469,51.95000076293945,50.36000061035156,51.33000183105469,3592500,0.0,0.0,4185226.0,2989440.0,72.83,38.81,48.8446,51.413,10187255808.0,Diagnostics & Research,Healthcare,NCM,EXAS
2024-11-12 00:00:00-05:00,50.61000061035156,51.0,48.02000045776367,50.15999984741211,4194300,0.0,0.0,4185226.0,2989440.0,72.83,38.81,48.8446,51.413,10187255808.0,Diagnostics & Research,Healthcare,NCM,EXAS
2024-11-13 00:00:00-05:00,50.2400016784668,52.31999969482422,49.2400016784668,50.72999954223633,7092400,0.0,0.0,4185226.0,2989440.0,72.83,38.81,48.8446,51.413,10187255808.0,Diagnostics & Research,Healthcare,NCM,EXAS
2024-11-14 00:00:00-05:00,50.09999847412109,51.68999862670898,49.16999816894531,50.93000030517578,3142300,0.0,0.0,4185226.0,2989440.0,72.83,38.81,48.8446,51.413,10187255808.0,Diagnostics & Research,Healthcare,NCM,EXAS
2024-11-15 00:00:00-05:00,50.900001525878906,50.959999084472656,48.720001220703125,49.33000183105469,2492700,0.0,0.0,4185226.0,2989440.0,72.83,38.81,48.8446,51.413,10187255808.0,Diagnostics & Research,Healthcare,NCM,EXAS
2024-11-18 00:00:00-05:00,48.97999954223633,50.0,48.81999969482422,49.540000915527344,2439100,0.0,0.0,4185226.0,2989440.0,72.83,38.81,48.8446,51.413,10187255808.0,Diagnostics & Research,Healthcare,NCM,EXAS
2024-11-19 00:00:00-05:00,49.470001220703125,54.54999923706055,49.290000915527344,53.91999816894531,2889100,0.0,0.0,4185226.0,2989440.0,72.83,38.81,48.8446,51.413,10187255808.0,Diagnostics & Research,Healthcare,NCM,EXAS
2024-11-20 00:00:00-05:00,54.13999938964844,54.38999938964844,51.709999084472656,52.70000076293945,2141800,0.0,0.0,4185226.0,2989440.0,72.83,38.81,48.8446,51.413,10187255808.0,Diagnostics & Research,Healthcare,NCM,EXAS
2024-11-21 00:00:00-05:00,52.77000045776367,54.060001373291016,52.16999816894531,53.06999969482422,2578300,0.0,0.0,4185226.0,2989440.0,72.83,38.81,48.8446,51.413,10187255808.0,Diagnostics & Research,Healthcare,NCM,EXAS
2024-11-22 00:00:00-05:00,53.31999969482422,54.2599983215332,52.790000915527344,52.90999984741211,2005500,0.0,0.0,4185226.0,2989440.0,72.83,38.81,48.8446,51.413,10187255808.0,Diagnostics & Research,Healthcare,NCM,EXAS
2024-11-25 00:00:00-05:00,53.09999847412109,55.380001068115234,52.810001373291016,55.13999938964844,3100700,0.0,0.0,4185226.0,2989440.0,72.83,38.81,48.8446,51.413,10187255808.0,Diagnostics & Research,Healthcare,NCM,EXAS
2024-11-26 00:00:00-05:00,60.29999923706055,61.220001220703125,57.79999923706055,60.09999847412109,5857200,0.0,0.0,4185226.0,2989440.0,72.83,38.81,48.8446,51.413,10187255808.0,Diagnostics & Research,Healthcare,NCM,EXAS
2024-11-27 00:00:00-05:00,60.40999984741211,61.95000076293945,59.869998931884766,61.68999862670898,2495300,0.0,0.0,4185226.0,2989440.0,72.83,38.81,48.8446,51.413,10187255808.0,Diagnostics & Research,Healthcare,NCM,EXAS
2024-11-29 00:00:00-05:00,61.369998931884766,62.27999877929688,61.150001525878906,62.08000183105469,1254800,0.0,0.0,4185226.0,2989440.0,72.83,38.81,48.8446,51.413,10187255808.0,Diagnostics & Research,Healthcare,NCM,EXAS
2024-12-02 00:00:00-05:00,61.15999984741211,61.84999847412109,60.11000061035156,61.68999862670898,1801700,0.0,0.0,4185226.0,2989440.0,72.83,38.81,48.8446,51.413,10187255808.0,Diagnostics & Research,Healthcare,NCM,EXAS
2024-12-03 00:00:00-05:00,61.56999969482422,62.2599983215332,60.52000045776367,60.560001373291016,2556600,0.0,0.0,4185226.0,2989440.0,72.83,38.81,48.8446,51.413,10187255808.0,Diagnostics & Research,Healthcare,NCM,EXAS
2024-12-04 00:00:00-05:00,61.0099983215332,64.55999755859375,60.619998931884766,64.13999938964844,2630600,0.0,0.0,4185226.0,2989440.0,72.83,38.81,48.8446,51.413,10187255808.0,Diagnostics & Research,Healthcare,NCM,EXAS
2024-12-05 00:00:00-05:00,63.52999877929688,64.7699966430664,62.02000045776367,62.61000061035156,1903300,0.0,0.0,4185226.0,2989440.0,72.83,38.81,48.8446,51.413,10187255808.0,Diagnostics & Research,Healthcare,NCM,EXAS
2024-12-06 00:00:00-05:00,62.7400016784668,64.31999969482422,62.25,62.459999084472656,2263300,0.0,0.0,4185226.0,2989440.0,72.83,38.81,48.8446,51.413,10187255808.0,Diagnostics & Research,Healthcare,NCM,EXAS
2024-12-09 00:00:00-05:00,62.619998931884766,63.84000015258789,61.79999923706055,61.79999923706055,1343900,0.0,0.0,4185226.0,2989440.0,72.83,38.81,48.8446,51.413,10187255808.0,Diagnostics & Research,Healthcare,NCM,EXAS
2024-12-10 00:00:00-05:00,62.02999877929688,63.209999084472656,61.27999877929688,61.58000183105469,1512700,0.0,0.0,4185226.0,2989440.0,72.83,38.81,48.8446,51.413,10187255808.0,Diagnostics & Research,Healthcare,NCM,EXAS
2024-12-11 00:00:00-05:00,61.970001220703125,63.88999938964844,61.72999954223633,63.15999984741211,1770500,0.0,0.0,4185226.0,2989440.0,72.83,38.81,48.8446,51.413,10187255808.0,Diagnostics & Research,Healthcare,NCM,EXAS
2024-12-12 00:00:00-05:00,63.20000076293945,64.55000305175781,62.47999954223633,62.5099983215332,2233900,0.0,0.0,4185226.0,2989440.0,72.83,38.81,48.8446,51.413,10187255808.0,Diagnostics & Research,Healthcare,NCM,EXAS
2024-12-13 00:00:00-05:00,62.40999984741211,63.09999847412109,60.61000061035156,61.25,1482100,0.0,0.0,4185226.0,2989440.0,72.83,38.81,48.8446,51.413,10187255808.0,Diagnostics & Research,Healthcare,NCM,EXAS
2024-12-16 00:00:00-05:00,61.380001068115234,61.91999816894531,60.22999954223633,60.75,1694700,0.0,0.0,4185226.0,2989440.0,72.83,38.81,48.8446,51.413,10187255808.0,Diagnostics & Research,Healthcare,NCM,EXAS
2024-12-17 00:00:00-05:00,60.97999954223633,62.150001525878906,60.18999862670898,60.369998931884766,2310200,0.0,0.0,4185226.0,2989440.0,72.83,38.81,48.8446,51.413,10187255808.0,Diagnostics & Research,Healthcare,NCM,EXAS
2024-12-18 00:00:00-05:00,60.06999969482422,60.619998931884766,57.18999862670898,57.380001068115234,2095500,0.0,0.0,4185226.0,2989440.0,72.83,38.81,48.8446,51.413,10187255808.0,Diagnostics & Research,Healthcare,NCM,EXAS
2024-12-19 00:00:00-05:00,57.27000045776367,57.43999862670898,55.650001525878906,56.11000061035156,2059000,0.0,0.0,4185226.0,2989440.0,72.83,38.81,48.8446,51.413,10187255808.0,Diagnostics & Research,Healthcare,NCM,EXAS
2024-12-20 00:00:00-05:00,56.040000915527344,59.70000076293945,55.97999954223633,59.400001525878906,3273800,0.0,0.0,4185226.0,2989440.0,72.83,38.81,48.8446,51.413,10187255808.0,Diagnostics & Research,Healthcare,NCM,EXAS
2024-12-23 00:00:00-05:00,59.02999877929688,59.54999923706055,58.209999084472656,58.93000030517578,924800,0.0,0.0,4185226.0,2989440.0,72.83,38.81,48.8446,51.413,10187255808.0,Diagnostics & Research,Healthcare,NCM,EXAS
2024-12-24 00:00:00-05:00,58.209999084472656,58.95000076293945,57.63999938964844,58.11000061035156,485100,0.0,0.0,4185226.0,2989440.0,72.83,38.81,48.8446,51.413,10187255808.0,Diagnostics & Research,Healthcare,NCM,EXAS
2024-12-26 00:00:00-05:00,57.86000061035156,58.65999984741211,57.290000915527344,57.47999954223633,951100,0.0,0.0,4185226.0,2989440.0,72.83,38.81,48.8446,51.413,10187255808.0,Diagnostics & Research,Healthcare,NCM,EXAS
2024-12-27 00:00:00-05:00,57.27000045776367,58.0,57.0099983215332,57.54999923706055,1069000,0.0,0.0,4185226.0,2989440.0,72.83,38.81,48.8446,51.413,10187255808.0,Diagnostics & Research,Healthcare,NCM,EXAS
2024-12-30 00:00:00-05:00,57.15999984741211,57.22999954223633,55.61000061035156,56.20000076293945,1351100,0.0,0.0,4185226.0,2989440.0,72.83,38.81,48.8446,51.413,10187255808.0,Diagnostics & Research,Healthcare,NCM,EXAS
2024-12-31 00:00:00-05:00,56.720001220703125,57.11000061035156,55.93999862670898,56.18999862670898,798900,0.0,0.0,4185226.0,2989440.0,72.83,38.81,48.8446,51.413,10187255808.0,Diagnostics & Research,Healthcare,NCM,EXAS
2025-01-02 00:00:00-05:00,57.5099983215332,58.79999923706055,56.29999923706055,56.93000030517578,1266900,0.0,0.0,4185226.0,2989440.0,72.83,38.81,48.8446,51.413,10187255808.0,Diagnostics & Research,Healthcare,NCM,EXAS
2025-01-03 00:00:00-05:00,57.27999877929688,57.59000015258789,56.43000030517578,57.25,1463300,0.0,0.0,4185226.0,2989440.0,72.83,38.81,48.8446,51.413,10187255808.0,Diagnostics & Research,Healthcare,NCM,EXAS
2025-01-06 00:00:00-05:00,57.7599983215332,58.38999938964844,57.290000915527344,57.79999923706055,1661800,0.0,0.0,4185226.0,2989440.0,72.83,38.81,48.8446,51.413,10187255808.0,Diagnostics & Research,Healthcare,NCM,EXAS
2025-01-07 00:00:00-05:00,58.619998931884766,59.95000076293945,56.93999862670898,57.09999847412109,2310800,0.0,0.0,4185226.0,2989440.0,72.83,38.81,48.8446,51.413,10187255808.0,Diagnostics & Research,Healthcare,NCM,EXAS
2025-01-08 00:00:00-05:00,56.97999954223633,57.310001373291016,54.7400016784668,56.68000030517578,2499500,0.0,0.0,4185226.0,2989440.0,72.83,38.81,48.8446,51.413,10187255808.0,Diagnostics & Research,Healthcare,NCM,EXAS
2025-01-10 00:00:00-05:00,56.02000045776367,56.630001068115234,54.93000030517578,56.5,2458000,0.0,0.0,4185226.0,2989440.0,72.83,38.81,48.8446,51.413,10187255808.0,Diagnostics & Research,Healthcare,NCM,EXAS
2025-01-13 00:00:00-05:00,58.54999923706055,60.880001068115234,55.36000061035156,58.5099983215332,2969400,0.0,0.0,4185226.0,2989440.0,72.83,38.81,48.8446,51.413,10187255808.0,Diagnostics & Research,Healthcare,NCM,EXAS
2025-01-14 00:00:00-05:00,58.88999938964844,59.93999862670898,53.38999938964844,54.20000076293945,3814100,0.0,0.0,4185226.0,2989440.0,72.83,38.81,48.8446,51.413,10187255808.0,Diagnostics & Research,Healthcare,NCM,EXAS
2025-01-15 00:00:00-05:00,55.4900016784668,56.47999954223633,53.34000015258789,53.52000045776367,3274700,0.0,0.0,4185226.0,2989440.0,72.83,38.81,48.8446,51.413,10187255808.0,Diagnostics & Research,Healthcare,NCM,EXAS
2025-01-16 00:00:00-05:00,53.54999923706055,53.7599983215332,49.790000915527344,50.43999862670898,6051300,0.0,0.0,4185226.0,2989440.0,72.83,38.81,48.8446,51.413,10187255808.0,Diagnostics & Research,Healthcare,NCM,EXAS
2025-01-17 00:00:00-05:00,50.790000915527344,52.900001525878906,50.4900016784668,51.7400016784668,2931000,0.0,0.0,4185226.0,2989440.0,72.83,38.81,48.8446,51.413,10187255808.0,Diagnostics & Research,Healthcare,NCM,EXAS
2025-01-21 00:00:00-05:00,52.5099983215332,54.86000061035156,52.369998931884766,54.2599983215332,2388800,0.0,0.0,4185226.0,2989440.0,72.83,38.81,48.8446,51.413,10187255808.0,Diagnostics & Research,Healthcare,NCM,EXAS
2025-01-22 00:00:00-05:00,54.060001373291016,55.150001525878906,53.18000030517578,54.790000915527344,2792900,0.0,0.0,4185226.0,2989440.0,72.83,38.81,48.8446,51.413,10187255808.0,Diagnostics & Research,Healthcare,NCM,EXAS
2025-01-23 00:00:00-05:00,55.18000030517578,55.20000076293945,51.79999923706055,55.130001068115234,3535600,0.0,0.0,4185226.0,2989440.0,72.83,38.81,48.8446,51.413,10187255808.0,Diagnostics & Research,Healthcare,NCM,EXAS
2025-01-24 00:00:00-05:00,54.84000015258789,56.0,53.61000061035156,55.97999954223633,1779800,0.0,0.0,4185226.0,2989440.0,72.83,38.81,48.8446,51.413,10187255808.0,Diagnostics & Research,Healthcare,NCM,EXAS
2025-01-27 00:00:00-05:00,55.84000015258789,57.2599983215332,55.20000076293945,55.68000030517578,1718800,0.0,0.0,4185226.0,2989440.0,72.83,38.81,48.8446,51.413,10187255808.0,Diagnostics & Research,Healthcare,NCM,EXAS
2025-01-28 00:00:00-05:00,55.93000030517578,56.630001068115234,54.68999862670898,55.40999984741211,1688900,0.0,0.0,4185226.0,2989440.0,72.83,38.81,48.8446,51.413,10187255808.0,Diagnostics & Research,Healthcare,NCM,EXAS
2025-01-29 00:00:00-05:00,55.400001525878906,55.95000076293945,54.45000076293945,54.88999938964844,999200,0.0,0.0,4185226.0,2989440.0,72.83,38.81,48.8446,51.413,10187255808.0,Diagnostics & Research,Healthcare,NCM,EXAS
2025-01-30 00:00:00-05:00,55.34000015258789,56.75,55.11000061035156,56.02999877929688,1334900,0.0,0.0,4185226.0,2989440.0,72.83,38.81,48.8446,51.413,10187255808.0,Diagnostics & Research,Healthcare,NCM,EXAS
2025-01-31 00:00:00-05:00,56.47999954223633,57.22999954223633,55.369998931884766,56.04999923706055,1475800,0.0,0.0,4185226.0,2989440.0,72.83,38.81,48.8446,51.413,10187255808.0,Diagnostics & Research,Healthcare,NCM,EXAS
2025-02-03 00:00:00-05:00,54.81999969482422,56.119998931884766,53.9900016784668,55.2400016784668,1322600,0.0,0.0,4185226.0,2989440.0,72.83,38.81,48.8446,51.413,10187255808.0,Diagnostics & Research,Healthcare,NCM,EXAS
2025-02-04 00:00:00-05:00,55.86000061035156,56.25,54.22999954223633,54.75,1408300,0.0,0.0,4185226.0,2989440.0,72.83,38.81,48.8446,51.413,10187255808.0,Diagnostics & Research,Healthcare,NCM,EXAS
2025-02-05 00:00:00-05:00,54.65999984741211,55.95000076293945,54.34999847412109,55.77999877929688,1440400,0.0,0.0,4185226.0,2989440.0,72.83,38.81,48.8446,51.413,10187255808.0,Diagnostics & Research,Healthcare,NCM,EXAS
2025-02-06 00:00:00-05:00,55.72999954223633,56.209999084472656,53.720001220703125,54.27999877929688,1227900,0.0,0.0,4185226.0,2989440.0,72.83,38.81,48.8446,51.413,10187255808.0,Diagnostics & Research,Healthcare,NCM,EXAS
2025-02-07 00:00:00-05:00,54.31999969482422,54.880001068115234,52.43000030517578,53.52999877929688,1716700,0.0,0.0,4185226.0,2989440.0,72.83,38.81,48.8446,51.413,10187255808.0,Diagnostics & Research,Healthcare,NCM,EXAS
2025-02-10 00:00:00-05:00,53.90999984741211,53.93999862670898,51.72999954223633,52.380001068115234,1281700,0.0,0.0,4185226.0,2989440.0,72.83,38.81,48.8446,51.413,10187255808.0,Diagnostics & Research,Healthcare,NCM,EXAS
2025-02-11 00:00:00-05:00,51.90999984741211,52.16999816894531,50.880001068115234,51.060001373291016,1986100,0.0,0.0,4185226.0,2989440.0,72.83,38.81,48.8446,51.413,10187255808.0,Diagnostics & Research,Healthcare,NCM,EXAS
2025-02-12 00:00:00-05:00,50.380001068115234,51.13999938964844,49.959999084472656,50.34000015258789,1427800,0.0,0.0,4185226.0,2989440.0,72.83,38.81,48.8446,51.413,10187255808.0,Diagnostics & Research,Healthcare,NCM,EXAS
2025-02-13 00:00:00-05:00,50.900001525878906,51.75,49.77000045776367,50.59000015258789,2023500,0.0,0.0,4185226.0,2989440.0,72.83,38.81,48.8446,51.413,10187255808.0,Diagnostics & Research,Healthcare,NCM,EXAS
2025-02-14 00:00:00-05:00,50.630001068115234,51.59999847412109,49.20000076293945,49.310001373291016,2249100,0.0,0.0,4185226.0,2989440.0,72.83,38.81,48.8446,51.413,10187255808.0,Diagnostics & Research,Healthcare,NCM,EXAS
2025-02-18 00:00:00-05:00,49.79999923706055,51.45000076293945,49.43999862670898,49.630001068115234,2973000,0.0,0.0,4185226.0,2989440.0,72.83,38.81,48.8446,51.413,10187255808.0,Diagnostics & Research,Healthcare,NCM,EXAS
2025-02-19 00:00:00-05:00,49.56999969482422,51.34999847412109,49.25,50.47999954223633,3356900,0.0,0.0,4185226.0,2989440.0,72.83,38.81,48.8446,51.413,10187255808.0,Diagnostics & Research,Healthcare,NCM,EXAS
2025-02-20 00:00:00-05:00,48.0,49.720001220703125,45.93999862670898,49.5099983215332,5327700,0.0,0.0,4185226.0,2989440.0,72.83,38.81,48.8446,51.413,10187255808.0,Diagnostics & Research,Healthcare,NCM,EXAS
2025-02-21 00:00:00-05:00,49.81999969482422,50.97999954223633,48.7599983215332,49.2599983215332,3339600,0.0,0.0,4185226.0,2989440.0,72.83,38.81,48.8446,51.413,10187255808.0,Diagnostics & Research,Healthcare,NCM,EXAS
2025-02-24 00:00:00-05:00,49.040000915527344,51.90999984741211,48.560001373291016,51.27999877929688,2407500,0.0,0.0,4185226.0,2989440.0,72.83,38.81,48.8446,51.413,10187255808.0,Diagnostics & Research,Healthcare,NCM,EXAS
2025-02-25 00:00:00-05:00,51.13999938964844,51.31999969482422,49.13999938964844,50.18000030517578,2017400,0.0,0.0,4185226.0,2989440.0,72.83,38.81,48.8446,51.413,10187255808.0,Diagnostics & Research,Healthcare,NCM,EXAS
2025-02-26 00:00:00-05:00,50.11000061035156,51.02999877929688,48.09000015258789,48.5,1969500,0.0,0.0,4185226.0,2989440.0,72.83,38.81,48.8446,51.413,10187255808.0,Diagnostics & Research,Healthcare,NCM,EXAS
2025-02-27 00:00:00-05:00,48.09999847412109,48.709999084472656,47.560001373291016,47.81999969482422,2339200,0.0,0.0,4185226.0,2989440.0,72.83,38.81,48.8446,51.413,10187255808.0,Diagnostics & Research,Healthcare,NCM,EXAS
2025-02-28 00:00:00-05:00,47.84999847412109,48.959999084472656,46.54999923706055,47.40999984741211,3106800,0.0,0.0,4185226.0,2989440.0,72.83,38.81,48.8446,51.413,10187255808.0,Diagnostics & Research,Healthcare,NCM,EXAS
2025-03-03 00:00:00-05:00,47.36000061035156,50.16999816894531,47.220001220703125,47.54999923706055,2152100,0.0,0.0,4185226.0,2989440.0,72.83,38.81,48.8446,51.413,10187255808.0,Diagnostics & Research,Healthcare,NCM,EXAS
2025-03-04 00:00:00-05:00,46.65999984741211,49.52000045776367,45.79999923706055,48.77999877929688,3663000,0.0,0.0,4185226.0,2989440.0,72.83,38.81,48.8446,51.413,10187255808.0,Diagnostics & Research,Healthcare,NCM,EXAS
2025-03-05 00:00:00-05:00,48.84999847412109,49.13999938964844,47.4900016784668,47.630001068115234,2088900,0.0,0.0,4185226.0,2989440.0,72.83,38.81,48.8446,51.413,10187255808.0,Diagnostics & Research,Healthcare,NCM,EXAS
2025-03-06 00:00:00-05:00,47.400001525878906,48.25,46.209999084472656,46.63999938964844,1732700,0.0,0.0,4185226.0,2989440.0,72.83,38.81,48.8446,51.413,10187255808.0,Diagnostics & Research,Healthcare,NCM,EXAS
2025-03-07 00:00:00-05:00,46.2400016784668,47.93999862670898,45.540000915527344,47.060001373291016,2374700,0.0,0.0,4185226.0,2989440.0,72.83,38.81,48.8446,51.413,10187255808.0,Diagnostics & Research,Healthcare,NCM,EXAS
2025-03-10 00:00:00-04:00,46.27000045776367,47.52000045776367,44.5,44.970001220703125,2823900,0.0,0.0,4185226.0,2989440.0,72.83,38.81,48.8446,51.413,10187255808.0,Diagnostics & Research,Healthcare,NCM,EXAS
2025-03-11 00:00:00-04:00,45.15999984741211,46.34000015258789,44.45000076293945,45.88999938964844,1800600,0.0,0.0,4185226.0,2989440.0,72.83,38.81,48.8446,51.413,10187255808.0,Diagnostics & Research,Healthcare,NCM,EXAS
2025-03-12 00:00:00-04:00,46.369998931884766,46.9900016784668,46.0,46.34999847412109,1524800,0.0,0.0,4185226.0,2989440.0,72.83,38.81,48.8446,51.413,10187255808.0,Diagnostics & Research,Healthcare,NCM,EXAS
2025-03-13 00:00:00-04:00,45.310001373291016,45.72999954223633,42.060001373291016,43.040000915527344,3358700,0.0,0.0,4185226.0,2989440.0,72.83,38.81,48.8446,51.413,10187255808.0,Diagnostics & Research,Healthcare,NCM,EXAS
2025-03-14 00:00:00-04:00,43.540000915527344,45.040000915527344,43.290000915527344,45.0,1704000,0.0,0.0,4185226.0,2989440.0,72.83,38.81,48.8446,51.413,10187255808.0,Diagnostics & Research,Healthcare,NCM,EXAS
2025-03-17 00:00:00-04:00,45.560001373291016,45.959999084472656,44.93999862670898,45.18000030517578,1956900,0.0,0.0,4185226.0,2989440.0,72.83,38.81,48.8446,51.413,10187255808.0,Diagnostics & Research,Healthcare,NCM,EXAS
2025-03-18 00:00:00-04:00,45.18000030517578,45.18000030517578,43.75,44.91999816894531,1862600,0.0,0.0,4185226.0,2989440.0,72.83,38.81,48.8446,51.413,10187255808.0,Diagnostics & Research,Healthcare,NCM,EXAS
2025-03-19 00:00:00-04:00,44.630001068115234,46.43999862670898,44.630001068115234,45.70000076293945,1531800,0.0,0.0,4185226.0,2989440.0,72.83,38.81,48.8446,51.413,10187255808.0,Diagnostics & Research,Healthcare,NCM,EXAS
2025-03-20 00:00:00-04:00,45.2400016784668,45.70000076293945,44.22999954223633,44.27999877929688,1604500,0.0,0.0,4185226.0,2989440.0,72.83,38.81,48.8446,51.413,10187255808.0,Diagnostics & Research,Healthcare,NCM,EXAS
2025-03-21 00:00:00-04:00,44.470001220703125,45.81999969482422,44.0,45.619998931884766,3145300,0.0,0.0,4185226.0,2989440.0,72.83,38.81,48.8446,51.413,10187255808.0,Diagnostics & Research,Healthcare,NCM,EXAS
2025-03-24 00:00:00-04:00,46.209999084472656,47.22999954223633,46.09999847412109,47.09000015258789,1460200,0.0,0.0,4185226.0,2989440.0,72.83,38.81,48.8446,51.413,10187255808.0,Diagnostics & Research,Healthcare,NCM,EXAS
2025-03-25 00:00:00-04:00,46.88999938964844,46.9900016784668,45.22999954223633,45.66999816894531,1522300,0.0,0.0,4185226.0,2989440.0,72.83,38.81,48.8446,51.413,10187255808.0,Diagnostics & Research,Healthcare,NCM,EXAS
2025-03-26 00:00:00-04:00,45.68000030517578,46.290000915527344,44.77999877929688,44.91999816894531,1373800,0.0,0.0,4185226.0,2989440.0,72.83,38.81,48.8446,51.413,10187255808.0,Diagnostics & Research,Healthcare,NCM,EXAS
2025-03-27 00:00:00-04:00,44.790000915527344,45.88999938964844,44.650001525878906,44.9900016784668,1169100,0.0,0.0,4185226.0,2989440.0,72.83,38.81,48.8446,51.413,10187255808.0,Diagnostics & Research,Healthcare,NCM,EXAS
2025-03-28 00:00:00-04:00,44.93999862670898,44.97999954223633,43.54999923706055,43.65999984741211,1336900,0.0,0.0,4185226.0,2989440.0,72.83,38.81,48.8446,51.413,10187255808.0,Diagnostics & Research,Healthcare,NCM,EXAS
2025-03-31 00:00:00-04:00,43.02999877929688,43.84999847412109,42.5099983215332,43.290000915527344,1373100,0.0,0.0,4185226.0,2989440.0,72.83,38.81,48.8446,51.413,10187255808.0,Diagnostics & Research,Healthcare,NCM,EXAS
2025-04-01 00:00:00-04:00,43.41999816894531,44.119998931884766,42.619998931884766,43.45000076293945,3218100,0.0,0.0,4185226.0,2989440.0,72.83,38.81,48.8446,51.413,10187255808.0,Diagnostics & Research,Healthcare,NCM,EXAS
2025-04-02 00:00:00-04:00,42.84999847412109,45.15999984741211,42.540000915527344,44.560001373291016,1681700,0.0,0.0,4185226.0,2989440.0,72.83,38.81,48.8446,51.413,10187255808.0,Diagnostics & Research,Healthcare,NCM,EXAS
2025-04-03 00:00:00-04:00,43.720001220703125,45.27999877929688,43.27000045776367,44.27999877929688,2400900,0.0,0.0,4185226.0,2989440.0,72.83,38.81,48.8446,51.413,10187255808.0,Diagnostics & Research,Healthcare,NCM,EXAS
2025-04-04 00:00:00-04:00,43.310001373291016,44.91999816894531,41.959999084472656,42.54999923706055,4616200,0.0,0.0,4185226.0,2989440.0,72.83,38.81,48.8446,51.413,10187255808.0,Diagnostics & Research,Healthcare,NCM,EXAS
2025-04-07 00:00:00-04:00,40.7400016784668,46.47999954223633,40.119998931884766,43.83000183105469,5778000,0.0,0.0,4185226.0,2989440.0,72.83,38.81,48.8446,51.413,10187255808.0,Diagnostics & Research,Healthcare,NCM,EXAS
2025-04-08 00:00:00-04:00,44.70000076293945,45.65999984741211,39.970001220703125,40.310001373291016,4467000,0.0,0.0,4185226.0,2989440.0,72.83,38.81,48.8446,51.413,10187255808.0,Diagnostics & Research,Healthcare,NCM,EXAS
2025-04-09 00:00:00-04:00,40.18000030517578,46.150001525878906,40.18000030517578,45.5,5153100,0.0,0.0,4185226.0,2989440.0,72.83,38.81,48.8446,51.413,10187255808.0,Diagnostics & Research,Healthcare,NCM,EXAS
2025-04-10 00:00:00-04:00,44.0,44.79999923706055,42.34000015258789,43.7400016784668,2979200,0.0,0.0,4185226.0,2989440.0,72.83,38.81,48.8446,51.413,10187255808.0,Diagnostics & Research,Healthcare,NCM,EXAS
2025-04-11 00:00:00-04:00,43.630001068115234,44.4900016784668,42.2400016784668,44.45000076293945,3097800,0.0,0.0,4185226.0,2989440.0,72.83,38.81,48.8446,51.413,10187255808.0,Diagnostics & Research,Healthcare,NCM,EXAS
2025-04-14 00:00:00-04:00,45.119998931884766,45.29999923706055,43.709999084472656,44.25,1827500,0.0,0.0,4185226.0,2989440.0,72.83,38.81,48.8446,51.413,10187255808.0,Diagnostics & Research,Healthcare,NCM,EXAS
2025-04-15 00:00:00-04:00,43.959999084472656,44.58000183105469,42.90999984741211,43.66999816894531,1580800,0.0,0.0,4185226.0,2989440.0,72.83,38.81,48.8446,51.413,10187255808.0,Diagnostics & Research,Healthcare,NCM,EXAS
2025-04-16 00:00:00-04:00,43.380001068115234,43.7400016784668,41.869998931884766,42.2599983215332,2901400,0.0,0.0,4185226.0,2989440.0,72.83,38.81,48.8446,51.413,10187255808.0,Diagnostics & Research,Healthcare,NCM,EXAS
2025-04-17 00:00:00-04:00,41.90999984741211,42.810001373291016,40.83000183105469,41.58000183105469,3157700,0.0,0.0,4185226.0,2989440.0,72.83,38.81,48.8446,51.413,10187255808.0,Diagnostics & Research,Healthcare,NCM,EXAS
2025-04-21 00:00:00-04:00,41.36000061035156,44.16999816894531,40.79999923706055,43.09999847412109,3925600,0.0,0.0,4185226.0,2989440.0,72.83,38.81,48.8446,51.413,10187255808.0,Diagnostics & Research,Healthcare,NCM,EXAS
2025-04-22 00:00:00-04:00,43.29999923706055,44.4900016784668,42.560001373291016,44.150001525878906,2033700,0.0,0.0,4185226.0,2989440.0,72.83,38.81,48.8446,51.413,10187255808.0,Diagnostics & Research,Healthcare,NCM,EXAS
2025-04-23 00:00:00-04:00,45.16999816894531,46.06999969482422,43.97999954223633,44.09000015258789,1708300,0.0,0.0,4185226.0,2989440.0,72.83,38.81,48.8446,51.413,10187255808.0,Diagnostics & Research,Healthcare,NCM,EXAS
2025-04-24 00:00:00-04:00,44.560001373291016,45.63999938964844,44.08000183105469,45.59999847412109,1248000,0.0,0.0,4185226.0,2989440.0,72.83,38.81,48.8446,51.413,10187255808.0,Diagnostics & Research,Healthcare,NCM,EXAS
2025-04-25 00:00:00-04:00,44.77999877929688,45.790000915527344,44.5,45.459999084472656,1093700,0.0,0.0,4185226.0,2989440.0,72.83,38.81,48.8446,51.413,10187255808.0,Diagnostics & Research,Healthcare,NCM,EXAS
2025-04-28 00:00:00-04:00,45.9900016784668,46.470001220703125,45.08000183105469,45.59000015258789,1264100,0.0,0.0,4185226.0,2989440.0,72.83,38.81,48.8446,51.413,10187255808.0,Diagnostics & Research,Healthcare,NCM,EXAS
2025-04-29 00:00:00-04:00,45.79999923706055,45.93000030517578,44.540000915527344,44.790000915527344,2196900,0.0,0.0,4185226.0,2989440.0,72.83,38.81,48.8446,51.413,10187255808.0,Diagnostics & Research,Healthcare,NCM,EXAS
2025-04-30 00:00:00-04:00,44.459999084472656,45.84000015258789,44.16999816894531,45.63999938964844,2079700,0.0,0.0,4185226.0,2989440.0,72.83,38.81,48.8446,51.413,10187255808.0,Diagnostics & Research,Healthcare,NCM,EXAS
2025-05-01 00:00:00-04:00,45.63999938964844,47.58000183105469,45.15999984741211,47.15999984741211,4973400,0.0,0.0,4185226.0,2989440.0,72.83,38.81,48.8446,51.413,10187255808.0,Diagnostics & Research,Healthcare,NCM,EXAS
2025-05-02 00:00:00-04:00,52.119998931884766,54.709999084472656,49.93999862670898,51.54999923706055,6908800,0.0,0.0,4185226.0,2989440.0,72.83,38.81,48.8446,51.413,10187255808.0,Diagnostics & Research,Healthcare,NCM,EXAS
2025-05-05 00:00:00-04:00,51.29999923706055,54.369998931884766,50.720001220703125,53.33000183105469,4058000,0.0,0.0,4185226.0,2989440.0,72.83,38.81,48.8446,51.413,10187255808.0,Diagnostics & Research,Healthcare,NCM,EXAS
2025-05-06 00:00:00-04:00,53.0,54.4900016784668,52.119998931884766,53.9900016784668,4315700,0.0,0.0,4185226.0,2989440.0,72.83,38.81,48.8446,51.413,10187255808.0,Diagnostics & Research,Healthcare,NCM,EXAS
2025-05-07 00:00:00-04:00,54.380001068115234,54.380001068115234,52.43999862670898,53.27999877929688,3349600,0.0,0.0,4185226.0,2989440.0,72.83,38.81,48.8446,51.413,10187255808.0,Diagnostics & Research,Healthcare,NCM,EXAS
2025-05-08 00:00:00-04:00,53.88999938964844,53.88999938964844,52.27999877929688,53.060001373291016,1974700,0.0,0.0,4185226.0,2989440.0,72.83,38.81,48.8446,51.413,10187255808.0,Diagnostics & Research,Healthcare,NCM,EXAS
2025-05-09 00:00:00-04:00,52.90999984741211,53.66999816894531,51.58000183105469,51.630001068115234,1975200,0.0,0.0,4185226.0,2989440.0,72.83,38.81,48.8446,51.413,10187255808.0,Diagnostics & Research,Healthcare,NCM,EXAS
2025-05-12 00:00:00-04:00,53.02000045776367,53.86000061035156,52.13999938964844,53.400001525878906,1768400,0.0,0.0,4185226.0,2989440.0,72.83,38.81,48.8446,51.413,10187255808.0,Diagnostics & Research,Healthcare,NCM,EXAS
2025-05-13 00:00:00-04:00,53.25,54.52000045776367,52.5,53.66999816894531,2338500,0.0,0.0,4185226.0,2989440.0,72.83,38.81,48.8446,51.413,10187255808.0,Diagnostics & Research,Healthcare,NCM,EXAS
2025-05-14 00:00:00-04:00,53.52000045776367,54.95000076293945,51.84999847412109,54.869998931884766,4054300,0.0,0.0,4185226.0,2989440.0,72.83,38.81,48.8446,51.413,10187255808.0,Diagnostics & Research,Healthcare,NCM,EXAS
2025-05-15 00:00:00-04:00,54.880001068115234,56.45000076293945,53.060001373291016,56.16999816894531,4452400,0.0,0.0,4185226.0,2989440.0,72.83,38.81,48.8446,51.413,10187255808.0,Diagnostics & Research,Healthcare,NCM,EXAS
2025-05-16 00:00:00-04:00,56.380001068115234,57.70000076293945,55.54999923706055,56.41999816894531,3213000,0.0,0.0,4185226.0,2989440.0,72.83,38.81,48.8446,51.413,10187255808.0,Diagnostics & Research,Healthcare,NCM,EXAS
2025-05-19 00:00:00-04:00,55.459999084472656,57.119998931884766,55.02999877929688,56.93999862670898,1922200,0.0,0.0,4185226.0,2989440.0,72.83,38.81,48.8446,51.413,10187255808.0,Diagnostics & Research,Healthcare,NCM,EXAS
2025-05-20 00:00:00-04:00,56.79999923706055,57.880001068115234,56.380001068115234,57.810001373291016,2293800,0.0,0.0,4185226.0,2989440.0,72.83,38.81,48.8446,51.413,10187255808.0,Diagnostics & Research,Healthcare,NCM,EXAS
2025-05-21 00:00:00-04:00,57.2400016784668,57.65999984741211,56.2400016784668,56.88999938964844,3315300,0.0,0.0,4185226.0,2989440.0,72.83,38.81,48.8446,51.413,10187255808.0,Diagnostics & Research,Healthcare,NCM,EXAS
2025-05-22 00:00:00-04:00,56.63999938964844,57.380001068115234,56.0099983215332,56.47999954223633,2680400,0.0,0.0,4185226.0,2989440.0,72.83,38.81,48.8446,51.413,10187255808.0,Diagnostics & Research,Healthcare,NCM,EXAS
2025-05-23 00:00:00-04:00,55.77999877929688,57.31999969482422,55.2599983215332,56.95000076293945,2057400,0.0,0.0,4185226.0,2989440.0,72.83,38.81,48.8446,51.413,10187255808.0,Diagnostics & Research,Healthcare,NCM,EXAS
2025-05-27 00:00:00-04:00,57.040000915527344,57.310001373291016,55.81999969482422,56.560001373291016,2310200,0.0,0.0,4185226.0,2989440.0,72.83,38.81,48.8446,51.413,10187255808.0,Diagnostics & Research,Healthcare,NCM,EXAS
2025-05-28 00:00:00-04:00,56.540000915527344,58.68000030517578,56.290000915527344,58.08000183105469,2504400,0.0,0.0,4185226.0,2989440.0,72.83,38.81,48.8446,51.413,10187255808.0,Diagnostics & Research,Healthcare,NCM,EXAS
2025-05-29 00:00:00-04:00,58.66999816894531,58.66999816894531,57.0099983215332,57.619998931884766,2372900,0.0,0.0,4185226.0,2989440.0,72.83,38.81,48.8446,51.413,10187255808.0,Diagnostics & Research,Healthcare,NCM,EXAS
2025-05-30 00:00:00-04:00,57.33000183105469,57.43000030517578,56.060001373291016,56.27999877929688,13566300,0.0,0.0,4185226.0,2989440.0,72.83,38.81,48.8446,51.413,10187255808.0,Diagnostics & Research,Healthcare,NCM,EXAS
2025-06-02 00:00:00-04:00,56.119998931884766,56.72999954223633,54.95000076293945,56.130001068115234,2865800,0.0,0.0,4185226.0,2989440.0,72.83,38.81,48.8446,51.413,10187255808.0,Diagnostics & Research,Healthcare,NCM,EXAS
2025-06-03 00:00:00-04:00,55.70000076293945,56.02000045776367,54.34999847412109,54.84000015258789,3515600,0.0,0.0,4185226.0,2989440.0,72.83,38.81,48.8446,51.413,10187255808.0,Diagnostics & Research,Healthcare,NCM,EXAS
2025-06-04 00:00:00-04:00,55.02999877929688,56.0,54.59000015258789,55.16999816894531,2061200,0.0,0.0,4185226.0,2989440.0,72.83,38.81,48.8446,51.413,10187255808.0,Diagnostics & Research,Healthcare,NCM,EXAS
2025-06-05 00:00:00-04:00,55.02000045776367,55.59999847412109,54.16999816894531,54.380001068115234,2084500,0.0,0.0,4185226.0,2989440.0,72.83,38.81,48.8446,51.413,10187255808.0,Diagnostics & Research,Healthcare,NCM,EXAS
2025-06-06 00:00:00-04:00,54.81999969482422,55.77999877929688,54.43000030517578,54.869998931884766,2026300,0.0,0.0,4185226.0,2989440.0,72.83,38.81,48.8446,51.413,10187255808.0,Diagnostics & Research,Healthcare,NCM,EXAS
2025-06-09 00:00:00-04:00,55.0,55.34000015258789,53.61000061035156,54.630001068115234,1469400,0.0,0.0,4185226.0,2989440.0,72.83,38.81,48.8446,51.413,10187255808.0,Diagnostics & Research,Healthcare,NCM,EXAS
2025-06-10 00:00:00-04:00,54.75,56.619998931884766,54.619998931884766,56.18000030517578,3807500,0.0,0.0,4185226.0,2989440.0,72.83,38.81,48.8446,51.413,10187255808.0,Diagnostics & Research,Healthcare,NCM,EXAS
2025-06-11 00:00:00-04:00,56.61000061035156,57.13999938964844,55.15999984741211,55.65999984741211,2706400,0.0,0.0,4185226.0,2989440.0,72.83,38.81,48.8446,51.413,10187255808.0,Diagnostics & Research,Healthcare,NCM,EXAS
2025-06-12 00:00:00-04:00,55.31999969482422,55.5,53.36000061035156,54.0099983215332,1916000,0.0,0.0,4185226.0,2989440.0,72.83,38.81,48.8446,51.413,10187255808.0,Diagnostics & Research,Healthcare,NCM,EXAS
2025-06-13 00:00:00-04:00,53.20000076293945,54.209999084472656,53.08000183105469,53.52000045776367,1266200,0.0,0.0,4185226.0,2989440.0,72.83,38.81,48.8446,51.413,10187255808.0,Diagnostics & Research,Healthcare,NCM,EXAS
2025-06-16 00:00:00-04:00,54.29999923706055,54.52000045776367,52.45000076293945,53.29999923706055,2819800,0.0,0.0,4185226.0,2989440.0,72.83,38.81,48.8446,51.413,10187255808.0,Diagnostics & Research,Healthcare,NCM,EXAS
2025-06-17 00:00:00-04:00,52.38999938964844,53.27999877929688,51.5,52.540000915527344,2523300,0.0,0.0,4185226.0,2989440.0,72.83,38.81,48.8446,51.413,10187255808.0,Diagnostics & Research,Healthcare,NCM,EXAS
2025-06-18 00:00:00-04:00,52.97999954223633,53.29999923706055,51.9900016784668,52.34000015258789,2930200,0.0,0.0,4185226.0,2989440.0,72.83,38.81,48.8446,51.413,10187255808.0,Diagnostics & Research,Healthcare,NCM,EXAS
2025-06-20 00:00:00-04:00,52.77000045776367,53.06999969482422,52.16999816894531,53.02000045776367,3804700,0.0,0.0,4185226.0,2989440.0,72.83,38.81,48.8446,51.413,10187255808.0,Diagnostics & Research,Healthcare,NCM,EXAS
2025-06-23 00:00:00-04:00,52.68000030517578,53.20000076293945,51.04999923706055,52.540000915527344,2266400,0.0,0.0,4185226.0,2989440.0,72.83,38.81,48.8446,51.413,10187255808.0,Diagnostics & Research,Healthcare,NCM,EXAS
2025-06-24 00:00:00-04:00,52.540000915527344,53.0,50.70000076293945,51.16999816894531,2497100,0.0,0.0,4185226.0,2989440.0,72.83,38.81,48.8446,51.413,10187255808.0,Diagnostics & Research,Healthcare,NCM,EXAS
2025-06-25 00:00:00-04:00,50.93000030517578,52.15999984741211,50.09000015258789,51.91999816894531,3233700,0.0,0.0,4185226.0,2989440.0,72.83,38.81,48.8446,51.413,10187255808.0,Diagnostics & Research,Healthcare,NCM,EXAS
2025-06-26 00:00:00-04:00,52.38999938964844,52.970001220703125,51.0099983215332,51.810001373291016,2839900,0.0,0.0,4185226.0,2989440.0,72.83,38.81,48.8446,51.413,10187255808.0,Diagnostics & Research,Healthcare,NCM,EXAS
2025-06-27 00:00:00-04:00,51.25,57.400001525878906,50.18999862670898,53.650001525878906,9084300,0.0,0.0,4185226.0,2989440.0,72.83,38.81,48.8446,51.413,10187255808.0,Diagnostics & Research,Healthcare,NCM,EXAS
2025-06-30 00:00:00-04:00,53.56999969482422,53.93999862670898,52.72999954223633,53.13999938964844,2168700,0.0,0.0,4185226.0,2989440.0,72.83,38.81,48.8446,51.413,10187255808.0,Diagnostics & Research,Healthcare,NCM,EXAS
2025-07-01 00:00:00-04:00,52.84999847412109,55.09000015258789,52.59999847412109,54.59999847412109,2881100,0.0,0.0,4185226.0,2989440.0,72.83,38.81,48.8446,51.413,10187255808.0,Diagnostics & Research,Healthcare,NCM,EXAS
2025-07-02 00:00:00-04:00,54.59999847412109,54.7400016784668,53.369998931884766,53.86000061035156,2386700,0.0,0.0,4185226.0,2989440.0,72.83,38.81,48.8446,51.413,10187255808.0,Diagnostics & Research,Healthcare,NCM,EXAS
2025-07-03 00:00:00-04:00,53.630001068115234,54.22999954223633,52.900001525878906,53.36000061035156,1668700,0.0,0.0,4185226.0,2989440.0,72.83,38.81,48.8446,51.413,10187255808.0,Diagnostics & Research,Healthcare,NCM,EXAS
2025-07-07 00:00:00-04:00,53.43000030517578,53.68000030517578,52.310001373291016,52.47999954223633,1753800,0.0,0.0,4185226.0,2989440.0,72.83,38.81,48.8446,51.413,10187255808.0,Diagnostics & Research,Healthcare,NCM,EXAS
2025-07-08 00:00:00-04:00,52.45000076293945,53.58000183105469,52.0,53.540000915527344,2677000,0.0,0.0,4185226.0,2989440.0,72.83,38.81,48.8446,51.413,10187255808.0,Diagnostics & Research,Healthcare,NCM,EXAS
2025-07-09 00:00:00-04:00,54.810001373291016,55.900001525878906,53.869998931884766,55.310001373291016,2585900,0.0,0.0,4185226.0,2989440.0,72.83,38.81,48.8446,51.413,10187255808.0,Diagnostics & Research,Healthcare,NCM,EXAS
2025-07-10 00:00:00-04:00,55.220001220703125,55.459999084472656,52.20000076293945,53.31999969482422,3888000,0.0,0.0,4185226.0,2989440.0,72.83,38.81,48.8446,51.413,10187255808.0,Diagnostics & Research,Healthcare,NCM,EXAS
2025-07-11 00:00:00-04:00,53.04999923706055,53.810001373291016,51.7599983215332,51.90999984741211,1748700,0.0,0.0,4185226.0,2989440.0,72.83,38.81,48.8446,51.413,10187255808.0,Diagnostics & Research,Healthcare,NCM,EXAS
2025-07-14 00:00:00-04:00,51.380001068115234,54.470001220703125,51.369998931884766,54.29999923706055,2262700,0.0,0.0,4185226.0,2989440.0,72.83,38.81,48.8446,51.413,10187255808.0,Diagnostics & Research,Healthcare,NCM,EXAS
2025-07-15 00:00:00-04:00,54.25,54.84999847412109,52.7599983215332,52.9900016784668,2624800,0.0,0.0,4185226.0,2989440.0,72.83,38.81,48.8446,51.413,10187255808.0,Diagnostics & Research,Healthcare,NCM,EXAS
2025-07-16 00:00:00-04:00,53.18999862670898,53.790000915527344,52.20000076293945,53.66999816894531,1571500,0.0,0.0,4185226.0,2989440.0,72.83,38.81,48.8446,51.413,10187255808.0,Diagnostics & Research,Healthcare,NCM,EXAS
2025-07-17 00:00:00-04:00,53.56999969482422,53.95000076293945,52.16999816894531,52.209999084472656,1692200,0.0,0.0,4185226.0,2989440.0,72.83,38.81,48.8446,51.413,10187255808.0,Diagnostics & Research,Healthcare,NCM,EXAS
2025-07-18 00:00:00-04:00,52.79999923706055,52.81999969482422,50.27999877929688,50.459999084472656,2153400,0.0,0.0,4185226.0,2989440.0,72.83,38.81,48.8446,51.413,10187255808.0,Diagnostics & Research,Healthcare,NCM,EXAS
2025-07-21 00:00:00-04:00,50.720001220703125,50.77000045776367,48.31999969482422,48.36000061035156,2245100,0.0,0.0,4185226.0,2989440.0,72.83,38.81,48.8446,51.413,10187255808.0,Diagnostics & Research,Healthcare,NCM,EXAS
2025-07-22 00:00:00-04:00,48.5099983215332,50.459999084472656,48.18999862670898,49.83000183105469,2567900,0.0,0.0,4185226.0,2989440.0,72.83,38.81,48.8446,51.413,10187255808.0,Diagnostics & Research,Healthcare,NCM,EXAS
2025-07-23 00:00:00-04:00,49.880001068115234,50.27999877929688,48.150001525878906,48.40999984741211,2134200,0.0,0.0,4185226.0,2989440.0,72.83,38.81,48.8446,51.413,10187255808.0,Diagnostics & Research,Healthcare,NCM,EXAS
2025-07-24 00:00:00-04:00,48.5,49.93000030517578,48.2599983215332,48.77000045776367,2459700,0.0,0.0,4185226.0,2989440.0,72.83,38.81,48.8446,51.413,10187255808.0,Diagnostics & Research,Healthcare,NCM,EXAS
2025-07-25 00:00:00-04:00,48.869998931884766,49.220001220703125,48.33000183105469,48.4900016784668,1240600,0.0,0.0,4185226.0,2989440.0,72.83,38.81,48.8446,51.413,10187255808.0,Diagnostics & Research,Healthcare,NCM,EXAS
2025-07-28 00:00:00-04:00,48.650001525878906,49.060001373291016,47.900001525878906,48.040000915527344,1598300,0.0,0.0,4185226.0,2989440.0,72.83,38.81,48.8446,51.413,10187255808.0,Diagnostics & Research,Healthcare,NCM,EXAS
2025-07-29 00:00:00-04:00,48.06999969482422,48.06999969482422,46.970001220703125,47.540000915527344,2155600,0.0,0.0,4185226.0,2989440.0,72.83,38.81,48.8446,51.413,10187255808.0,Diagnostics & Research,Healthcare,NCM,EXAS
2025-07-30 00:00:00-04:00,47.619998931884766,47.720001220703125,46.630001068115234,46.79999923706055,1877100,0.0,0.0,4185226.0,2989440.0,72.83,38.81,48.8446,51.413,10187255808.0,Diagnostics & Research,Healthcare,NCM,EXAS
2025-07-31 00:00:00-04:00,46.310001373291016,49.56999969482422,46.060001373291016,46.95000076293945,4295300,0.0,0.0,4185226.0,2989440.0,72.83,38.81,48.8446,51.413,10187255808.0,Diagnostics & Research,Healthcare,NCM,EXAS
2025-08-01 00:00:00-04:00,46.58000183105469,47.93999862670898,46.5,47.7599983215332,2535900,0.0,0.0,4185226.0,2989440.0,72.83,38.81,48.8446,51.413,10187255808.0,Diagnostics & Research,Healthcare,NCM,EXAS
2025-08-04 00:00:00-04:00,47.65999984741211,48.2400016784668,46.15999984741211,46.83000183105469,2914400,0.0,0.0,4185226.0,2989440.0,72.83,38.81,48.8446,51.413,10187255808.0,Diagnostics & Research,Healthcare,NCM,EXAS
2025-08-05 00:00:00-04:00,46.7400016784668,48.02000045776367,46.29999923706055,47.36000061035156,2371100,0.0,0.0,4185226.0,2989440.0,72.83,38.81,48.8446,51.413,10187255808.0,Diagnostics & Research,Healthcare,NCM,EXAS
2025-08-06 00:00:00-04:00,47.33000183105469,47.58000183105469,46.060001373291016,46.90999984741211,4235200,0.0,0.0,4185226.0,2989440.0,72.83,38.81,48.8446,51.413,10187255808.0,Diagnostics & Research,Healthcare,NCM,EXAS
2025-08-07 00:00:00-04:00,39.0,43.5099983215332,38.810001373291016,43.15999984741211,17863100,0.0,0.0,4185226.0,2989440.0,72.83,38.81,48.8446,51.413,10187255808.0,Diagnostics & Research,Healthcare,NCM,EXAS
2025-08-08 00:00:00-04:00,43.52999877929688,44.209999084472656,40.95000076293945,40.9900016784668,6212800,0.0,0.0,4185226.0,2989440.0,72.83,38.81,48.8446,51.413,10187255808.0,Diagnostics & Research,Healthcare,NCM,EXAS
2025-08-11 00:00:00-04:00,40.869998931884766,41.56999969482422,40.54999923706055,40.90999984741211,4501200,0.0,0.0,4185226.0,2989440.0,72.83,38.81,48.8446,51.413,10187255808.0,Diagnostics & Research,Healthcare,NCM,EXAS
2025-08-12 00:00:00-04:00,41.20000076293945,41.90999984741211,41.150001525878906,41.7400016784668,3508600,0.0,0.0,4185226.0,2989440.0,72.83,38.81,48.8446,51.413,10187255808.0,Diagnostics & Research,Healthcare,NCM,EXAS
2025-08-13 00:00:00-04:00,42.02000045776367,45.45000076293945,42.02000045776367,44.90999984741211,5266700,0.0,0.0,4185226.0,2989440.0,72.83,38.81,48.8446,51.413,10187255808.0,Diagnostics & Research,Healthcare,NCM,EXAS
2025-08-14 00:00:00-04:00,44.7400016784668,45.08000183105469,43.66999816894531,44.9900016784668,4089900,0.0,0.0,4185226.0,2989440.0,72.83,38.81,48.8446,51.413,10187255808.0,Diagnostics & Research,Healthcare,NCM,EXAS
2025-08-15 00:00:00-04:00,45.72999954223633,46.2599983215332,44.790000915527344,45.59999847412109,3885900,0.0,0.0,4185226.0,2989440.0,72.83,38.81,48.8446,51.413,10187255808.0,Diagnostics & Research,Healthcare,NCM,EXAS
2025-08-18 00:00:00-04:00,45.43000030517578,45.84999847412109,44.79999923706055,45.09000015258789,2851600,0.0,0.0,4185226.0,2989440.0,72.83,38.81,48.8446,51.413,10187255808.0,Diagnostics & Research,Healthcare,NCM,EXAS
2025-08-19 00:00:00-04:00,45.34999847412109,46.56999969482422,45.0,45.68000030517578,2866800,0.0,0.0,4185226.0,2989440.0,72.83,38.81,48.8446,51.413,10187255808.0,Diagnostics & Research,Healthcare,NCM,EXAS
2025-08-20 00:00:00-04:00,45.45000076293945,47.09000015258789,44.900001525878906,47.0,3785300,0.0,0.0,4185226.0,2989440.0,72.83,38.81,48.8446,51.413,10187255808.0,Diagnostics & Research,Healthcare,NCM,EXAS
2025-08-21 00:00:00-04:00,46.68999862670898,47.18000030517578,46.27000045776367,46.68000030517578,2135800,0.0,0.0,4185226.0,2989440.0,72.83,38.81,48.8446,51.413,10187255808.0,Diagnostics & Research,Healthcare,NCM,EXAS
2025-08-22 00:00:00-04:00,46.959999084472656,47.86000061035156,46.56999969482422,47.470001220703125,2023400,0.0,0.0,4185226.0,2989440.0,72.83,38.81,48.8446,51.413,10187255808.0,Diagnostics & Research,Healthcare,NCM,EXAS
2025-08-25 00:00:00-04:00,47.08000183105469,47.2400016784668,45.380001068115234,45.65999984741211,1792200,0.0,0.0,4185226.0,2989440.0,72.83,38.81,48.8446,51.413,10187255808.0,Diagnostics & Research,Healthcare,NCM,EXAS
2025-08-26 00:00:00-04:00,45.7400016784668,46.7400016784668,45.720001220703125,46.11000061035156,2215200,0.0,0.0,4185226.0,2989440.0,72.83,38.81,48.8446,51.413,10187255808.0,Diagnostics & Research,Healthcare,NCM,EXAS
2025-08-27 00:00:00-04:00,46.20000076293945,47.470001220703125,46.15999984741211,46.709999084472656,2146200,0.0,0.0,4185226.0,2989440.0,72.83,38.81,48.8446,51.413,10187255808.0,Diagnostics & Research,Healthcare,NCM,EXAS
2025-08-28 00:00:00-04:00,47.0,47.7599983215332,46.880001068115234,46.95000076293945,2281900,0.0,0.0,4185226.0,2989440.0,72.83,38.81,48.8446,51.413,10187255808.0,Diagnostics & Research,Healthcare,NCM,EXAS
2025-08-29 00:00:00-04:00,46.95000076293945,47.45000076293945,46.29999923706055,47.41999816894531,3318600,0.0,0.0,4185226.0,2989440.0,72.83,38.81,48.8446,51.413,10187255808.0,Diagnostics & Research,Healthcare,NCM,EXAS
2025-09-02 00:00:00-04:00,47.43000030517578,48.40999984741211,47.27999877929688,48.0099983215332,2316400,0.0,0.0,4185226.0,2989440.0,72.83,38.81,48.8446,51.413,10187255808.0,Diagnostics & Research,Healthcare,NCM,EXAS
2025-09-03 00:00:00-04:00,48.33000183105469,49.5,47.810001373291016,49.27000045776367,2799400,0.0,0.0,4185226.0,2989440.0,72.83,38.81,48.8446,51.413,10187255808.0,Diagnostics & Research,Healthcare,NCM,EXAS
2025-09-04 00:00:00-04:00,51.2400016784668,52.7599983215332,50.880001068115234,51.40999984741211,6815900,0.0,0.0,4185226.0,2989440.0,72.83,38.81,48.8446,51.413,10187255808.0,Diagnostics & Research,Healthcare,NCM,EXAS
2025-09-05 00:00:00-04:00,51.4900016784668,54.36000061035156,51.18000030517578,53.810001373291016,4185200,0.0,0.0,4185226.0,2989440.0,72.83,38.81,48.8446,51.413,10187255808.0,Diagnostics & Research,Healthcare,NCM,EXAS
2025-09-30 00:00:00-04:00,53.38,54.98,53.14,54.71,2263561,,,,,,,,,,,,,
